## htsjdk.samtools.metrics.StringHeader
# CollectMultipleMetrics INPUT=C0_R2.mLb.clN.sorted.bam OUTPUT=C0_R2.mLb.clN.CollectMultipleMetrics TMP_DIR=[tmp] VALIDATION_STRINGENCY=LENIENT REFERENCE_SEQUENCE=genome.fa    ASSUME_SORTED=true STOP_AFTER=0 METRIC_ACCUMULATION_LEVEL=[ALL_READS] PROGRAM=[CollectAlignmentSummaryMetrics, CollectBaseDistributionByCycle, CollectInsertSizeMetrics, MeanQualityByCycle, QualityScoreDistribution] INCLUDE_UNPAIRED=false VERBOSITY=INFO QUIET=false COMPRESSION_LEVEL=5 MAX_RECORDS_IN_RAM=500000 CREATE_INDEX=false CREATE_MD5_FILE=false GA4GH_CLIENT_SECRETS=client_secrets.json USE_JDK_DEFLATER=false USE_JDK_INFLATER=false
## htsjdk.samtools.metrics.StringHeader
# Started on: Fri Feb 25 09:52:26 UTC 2022

## METRICS CLASS	picard.analysis.BaseDistributionByCycleMetrics
READ_END	CYCLE	PCT_A	PCT_C	PCT_G	PCT_T	PCT_N
1	1	14.626573	35.294101	35.362885	14.645411	0.07103
1	2	26.277415	23.704621	23.719301	26.296659	0.002005
1	3	24.087226	25.88362	25.922314	24.096241	0.010599
1	4	23.924545	26.009844	26.077035	23.988449	0.000126
1	5	32.869919	17.071528	17.120216	32.937792	0.000546
1	6	23.857565	26.087271	26.150513	23.90463	0.000021
1	7	23.97763	25.994452	26.022174	24.005744	0
1	8	25.714162	24.255082	24.295781	25.734975	0
1	9	17.701807	32.256753	32.326324	17.715117	0
1	10	29.021623	20.964836	20.987406	29.026135	0
1	11	20.847968	29.126884	29.156114	20.868429	0.000605
1	12	26.285071	23.708283	23.723413	26.283233	0
1	13	21.322519	28.660476	28.70203	21.314976	0
1	14	22.534955	27.423489	27.476369	22.565187	0
1	15	24.559285	25.412305	25.449578	24.578832	0
1	16	25.301583	24.653233	24.703904	25.34128	0
1	17	26.037911	23.928305	23.946535	26.085266	0.001983
1	18	26.188568	23.787787	23.795188	26.228458	0
1	19	25.977162	23.983171	24.021148	26.018519	0
1	20	25.918485	24.039868	24.088153	25.953495	0
1	21	25.579305	24.369738	24.424468	25.626489	0
1	22	25.903284	24.067233	24.098667	25.930539	0.000277
1	23	25.612267	24.366843	24.399701	25.621189	0
1	24	25.810331	24.159589	24.220469	25.809576	0.000035
1	25	25.682389	24.303851	24.326074	25.687686	0
1	26	25.738127	24.19997	24.286169	25.775726	0.000008
1	27	25.865358	24.112499	24.150433	25.871711	0
1	28	25.901104	24.050875	24.103161	25.94486	0
1	29	26.061932	23.911623	23.943832	26.081757	0.000856
1	30	25.991543	23.983716	24.015265	26.009465	0.000011
1	31	25.921107	24.028199	24.078573	25.972121	0
1	32	25.99378	23.960811	24.020152	26.02525	0.000008
1	33	25.95034	24.013347	24.059654	25.976659	0
1	34	25.977066	23.983587	24.026378	26.01297	0
1	35	25.897101	24.061904	24.100162	25.940834	0
1	36	26.017848	23.951854	24.001498	26.0288	0
1	37	25.965081	24.015588	24.056735	25.962597	0
1	38	26.041314	23.915676	23.958132	26.084877	0
1	39	26.059986	23.895172	23.944912	26.099931	0
1	40	26.034675	23.923016	23.964576	26.077733	0
1	41	25.968972	23.992934	24.03833	25.999764	0
1	42	25.938305	24.035565	24.067932	25.954342	0.003857
1	43	25.804446	24.169722	24.194558	25.831265	0.000008
1	44	25.88857	24.064084	24.133166	25.91418	0
1	45	25.814024	24.138294	24.189902	25.857768	0.000011
1	46	25.934943	24.03783	24.067363	25.959864	0
1	47	26.067745	23.921559	23.947274	26.06341	0.000011
1	48	26.035174	23.949369	23.972387	26.04307	0
1	49	26.076454	23.875018	23.945671	26.102857	0
1	50	25.983094	24.006489	24.026516	25.983901	0
1	51	25.956611	24.009706	24.070502	25.96318	0
1	52	25.939776	24.047606	24.084054	25.928564	0
1	53	25.898726	24.086302	24.126765	25.888207	0
1	54	25.928471	24.044077	24.072019	25.955432	0
1	55	25.90849	24.046866	24.092255	25.952389	0
1	56	25.804881	24.170516	24.204809	25.819795	0
1	57	25.974061	24.018147	24.043635	25.964157	0
1	58	25.994825	23.973564	24.001569	26.030042	0
1	59	25.971497	23.991898	24.038746	25.997859	0
1	60	25.987205	23.982009	24.0231	26.007637	0.00005
1	61	25.963093	24.017388	24.046754	25.972766	0
1	62	25.970356	24.012839	24.04988	25.966924	0
1	63	25.974304	23.994438	24.057785	25.97346	0.000013
1	64	25.867416	24.111503	24.129534	25.891547	0
1	65	25.93075	24.035959	24.086165	25.947126	0
1	66	25.833751	24.137188	24.172814	25.856246	0
1	67	26.009397	23.963812	23.993138	26.033625	0.000029
1	68	26.017696	23.959581	23.970803	26.05105	0.00087
1	69	25.913809	24.051081	24.094992	25.940118	0
1	70	25.928085	24.033354	24.093917	25.944637	0.000007
1	71	25.932153	24.01942	24.109057	25.939369	0
1	72	26.09191	23.87575	23.922266	26.110073	0
1	73	25.946091	24.036847	24.080669	25.936394	0
1	74	25.939246	24.036115	24.068353	25.956286	0
1	75	25.897356	24.079084	24.101791	25.921769	0
1	76	25.857458	24.102824	24.122733	25.916985	0
1	77	25.980447	23.999525	24.02161	25.998417	0
1	78	25.951337	24.029463	24.041463	25.977734	0.000003
1	79	26.00232	23.95534	24.007311	26.035029	0
1	80	25.961913	23.999412	24.058848	25.979827	0
1	81	25.956312	23.99187	24.063753	25.987951	0.000113
1	82	26.070918	23.905052	23.953055	26.070975	0
1	83	25.999222	23.966066	24.016963	26.01775	0
1	84	26.040985	23.918838	23.95992	26.080256	0
1	85	26.00213	23.96399	23.996259	26.037618	0.000004
1	86	26.021564	23.935203	23.994856	26.048377	0
1	87	26.025579	23.969899	23.98311	26.021228	0.000183
1	88	25.949476	24.024589	24.054451	25.971484	0
1	89	26.014252	23.952625	23.999056	26.034067	0
1	90	26.084309	23.903157	23.914087	26.098448	0
1	91	26.067174	23.888739	23.944828	26.09926	0
1	92	25.940776	24.038442	24.061872	25.958827	0.000083
1	93	25.904128	24.058472	24.104773	25.932616	0.000011
1	94	25.991996	23.981221	24.013353	26.01343	0
1	95	25.923575	24.044451	24.077421	25.954553	0
1	96	26.012457	23.9842	23.99119	26.012154	0
1	97	25.941671	24.047896	24.084935	25.925498	0
1	98	25.907366	24.031868	24.105636	25.955129	0
1	99	25.92441	24.01976	24.078606	25.977225	0
1	100	25.923035	24.046954	24.081555	25.948456	0
1	101	26.023114	23.928813	23.978627	26.069445	0
1	102	26.003337	23.962297	24.009554	26.024812	0
1	103	26.006769	23.983586	23.997963	26.011683	0
1	104	26.019484	23.961498	23.985332	26.033686	0
1	105	25.954955	24.001128	24.041129	26.002584	0.000205
1	106	25.932166	24.017058	24.066343	25.984433	0
1	107	25.995883	23.994513	24.027398	25.982205	0
1	108	25.974088	23.996043	24.006389	26.02348	0
1	109	26.033817	23.918933	23.964565	26.082684	0
1	110	26.027769	23.941617	23.971338	26.059276	0
1	111	26.082565	23.867722	23.89761	26.152103	0
1	112	26.146607	23.852753	23.869153	26.131487	0
1	113	26.10552	23.872116	23.88527	26.137093	0
1	114	26.048349	23.919574	23.948349	26.083728	0
1	115	25.974737	24.000089	23.996567	26.028607	0
1	116	26.03832	23.941195	23.972013	26.048472	0
1	117	26.048661	23.954658	23.941799	26.054826	0.000055
1	118	26.075135	23.879026	23.931072	26.114626	0.00014
1	119	26.141571	23.852725	23.84584	26.159864	0
1	120	26.149597	23.819298	23.862434	26.168672	0
1	121	26.167468	23.792409	23.830829	26.209294	0
1	122	26.200358	23.79635	23.786943	26.216349	0
1	123	26.158428	23.811493	23.829077	26.200925	0.000078
1	124	26.129616	23.855197	23.863967	26.15122	0
1	125	26.093551	23.895428	23.90053	26.110491	0
1	126	26.060319	23.905874	23.939948	26.093859	0
1	127	26.116798	23.890774	23.888993	26.103435	0
1	128	26.115504	23.858781	23.886306	26.139409	0
1	129	26.150245	23.819743	23.859948	26.170064	0
1	130	26.218212	23.761245	23.773115	26.247429	0
1	131	26.230234	23.74236	23.764651	26.262755	0
1	132	26.271393	23.719987	23.736971	26.271649	0
1	133	26.184742	23.780379	23.818538	26.216341	0
1	134	26.156997	23.81128	23.84645	26.185272	0
1	135	26.120782	23.871344	23.879887	26.127987	0
1	136	26.058815	23.921712	23.929142	26.090331	0
1	137	26.05785	23.940112	23.949005	26.053033	0
1	138	26.082917	23.891314	23.925555	26.10003	0.000183
1	139	26.14772	23.820734	23.858712	26.172834	0
1	140	26.22582	23.769259	23.771251	26.23367	0
1	141	26.207694	23.763593	23.796729	26.231983	0
1	142	26.219306	23.759359	23.785449	26.235885	0
1	143	26.185786	23.794934	23.803025	26.216255	0
1	144	26.183473	23.796517	23.825945	26.19406	0.000005
1	145	26.145073	23.834181	23.855599	26.165147	0
1	146	26.106114	23.878107	23.88904	26.126738	0
1	147	26.206158	23.762696	23.788154	26.242992	0
1	148	26.636342	23.342996	23.370285	26.650377	0
1	149	27.859504	22.103277	22.149444	27.887776	0
1	150	33.54647	16.413816	16.469533	33.570181	0
2	151	14.534767	35.432622	35.478148	14.553554	0.000908
2	152	26.255438	23.72779	23.757256	26.259493	0.000021
2	153	24.152731	25.826848	25.86665	24.153771	0
2	154	24.007029	25.92602	26.011597	24.055349	0.000005
2	155	32.981081	16.979413	17.004631	33.034875	0
2	156	23.94599	26.009729	26.067936	23.976346	0
2	157	24.075652	25.906747	25.943205	24.074397	0
2	158	25.765138	24.23017	24.264106	25.740584	0.000003
2	159	17.628887	32.327517	32.384264	17.659331	0
2	160	29.102672	20.879442	20.905269	29.112617	0
2	161	20.900524	29.069559	29.11427	20.915648	0
2	162	26.338204	23.684944	23.6738	26.303052	0
2	163	21.414988	28.564406	28.60708	21.413526	0
2	164	22.591961	27.365454	27.426541	22.616044	0
2	165	24.599436	25.366331	25.419042	24.615181	0.000011
2	166	25.321961	24.632976	24.677155	25.367908	0
2	167	26.077838	23.912582	23.915	26.09458	0
2	168	26.212431	23.747026	23.787671	26.252872	0
2	169	26.031066	23.935698	23.96213	26.071107	0
2	170	25.970648	24.000351	24.050756	25.978245	0
2	171	25.64551	24.304026	24.382157	25.668307	0
2	172	25.941606	24.024022	24.067952	25.966263	0.000156
2	173	25.670948	24.305862	24.345939	25.677245	0.000005
2	174	25.837006	24.129073	24.188852	25.845069	0
2	175	25.730687	24.250067	24.309118	25.710128	0
2	176	25.761769	24.183814	24.253242	25.801174	0
2	177	25.870826	24.108871	24.137793	25.88251	0
2	178	25.903074	24.038582	24.099767	25.958577	0
2	179	26.081888	23.884758	23.931883	26.101468	0.000003
2	180	26.010458	23.979062	23.999109	26.011371	0
2	181	25.958737	24.006474	24.032749	26.00204	0
2	182	26.016657	23.929673	23.991143	26.062525	0.000003
2	183	25.979425	23.980693	24.034322	26.00556	0
2	184	26.00066	23.957552	24.005299	26.036488	0
2	185	25.934361	24.030849	24.074946	25.959844	0
2	186	26.016029	23.939452	23.999913	26.044606	0
2	187	25.954289	24.020076	24.0506	25.975033	0.000003
2	188	26.04828	23.908798	23.957458	26.085463	0
2	189	26.070737	23.893188	23.943127	26.092923	0.000025
2	190	26.03477	23.922199	23.939767	26.103256	0.000008
2	191	25.967049	23.9914	24.043289	25.99826	0.000003
2	192	25.950186	24.003946	24.057636	25.988232	0
2	193	25.818702	24.149492	24.179196	25.852579	0.000031
2	194	25.934023	24.019573	24.09472	25.951681	0.000003
2	195	25.843603	24.128473	24.160062	25.867859	0.000003
2	196	25.961234	24.004521	24.050102	25.98388	0.000263
2	197	26.076399	23.904993	23.937264	26.081343	0
2	198	26.027972	23.958868	23.975277	26.037883	0
2	199	26.08772	23.891965	23.925127	26.095189	0
2	200	25.985649	23.99029	24.029559	25.994502	0
2	201	25.956412	24.000177	24.060979	25.982424	0.000009
2	202	25.953888	24.036053	24.051079	25.95815	0.00083
2	203	25.904032	24.078314	24.11158	25.906072	0.000003
2	204	25.92474	24.023463	24.083404	25.968392	0
2	205	25.940039	24.036171	24.072359	25.951431	0
2	206	25.82699	24.149946	24.186167	25.836896	0
2	207	25.996021	23.988507	24.016541	25.998931	0
2	208	26.001279	23.96111	24.002895	26.034717	0
2	209	25.977057	23.985688	24.029978	26.00723	0.000047
2	210	25.996263	23.971035	24.019918	26.012784	0
2	211	25.967882	24.014541	24.03818	25.979397	0
2	212	25.971463	24.013209	24.038822	25.976267	0.00024
2	213	25.960293	23.999596	24.065872	25.974239	0
2	214	25.878343	24.083097	24.138124	25.899675	0.000761
2	215	25.939036	24.032884	24.063809	25.964202	0.000068
2	216	25.837012	24.142906	24.155103	25.864	0.000979
2	217	26.009599	23.946909	23.98167	26.061822	0
2	218	26.019995	23.950273	23.981277	26.047947	0.000509
2	219	25.895714	24.056178	24.090219	25.957879	0.00001
2	220	25.918113	24.070892	24.09999	25.910979	0.000027
2	221	25.898374	24.067851	24.102066	25.931699	0.00001
2	222	26.017608	23.95056	23.98645	26.045382	0
2	223	25.909901	24.084307	24.091066	25.914727	0
2	224	25.936648	24.050623	24.071044	25.941685	0
2	225	25.866433	24.106615	24.147548	25.879403	0
2	226	25.877551	24.072942	24.12713	25.922336	0.000041
2	227	25.991099	23.9857	24.021105	26.002096	0
2	228	25.996047	23.974458	24.009278	26.020217	0
2	229	26.000876	23.965783	24.003683	26.029651	0.000007
2	230	25.972265	24.009317	24.053584	25.964834	0
2	231	25.964459	23.977062	24.064084	25.994395	0
2	232	26.017871	23.949599	24.009137	26.023394	0
2	233	25.983462	23.98271	24.035657	25.99817	0
2	234	26.024127	23.948094	23.975367	26.052405	0.000007
2	235	25.975013	23.999569	24.034929	25.990488	0
2	236	26.011059	23.934812	24.002313	26.051798	0.000018
2	237	25.996164	23.983005	24.031521	25.989311	0
2	238	25.993352	23.974746	24.003154	26.02821	0.000539
2	239	25.999443	23.964241	24.01882	26.017493	0.000004
2	240	26.065685	23.910098	23.928515	26.095703	0
2	241	26.001807	23.947919	24.002617	26.047658	0
2	242	26.038568	23.940417	23.973629	26.045998	0.001388
2	243	25.935258	24.042029	24.070234	25.952229	0.00025
2	244	26.009595	23.948123	23.983165	26.057997	0.001122
2	245	25.942076	24.029196	24.057285	25.971443	0
2	246	26.018476	23.976273	23.969187	26.036064	0
2	247	25.90901	24.08033	24.100753	25.909907	0
2	248	25.937005	24.036651	24.077375	25.948946	0.000023
2	249	25.989581	23.965693	24.01154	26.033186	0
2	250	25.93028	24.016408	24.068865	25.984447	0
2	251	25.990681	23.958318	23.988427	26.062573	0
2	252	25.934909	24.03375	24.046092	25.98525	0
2	253	25.956446	24.03176	24.046782	25.964987	0.000024
2	254	25.968385	24.004721	24.03487	25.992025	0
2	255	25.947446	24.032501	24.063018	25.957035	0
2	256	25.922135	24.039796	24.091237	25.946832	0
2	257	25.935069	24.020655	24.070282	25.973937	0.000057
2	258	25.943932	24.036687	24.038351	25.98103	0
2	259	26.011092	23.942666	23.98803	26.058212	0
2	260	25.994787	23.958384	24.004703	26.042113	0.000012
2	261	26.066321	23.88889	23.92577	26.119019	0
2	262	26.110156	23.875067	23.914121	26.100657	0
2	263	26.092109	23.893202	23.909138	26.105551	0
2	264	26.038275	23.959632	23.967228	26.034831	0.000033
2	265	25.98688	23.996414	24.018388	25.997482	0.000836
2	266	26.02745	23.94794	23.982313	26.042298	0
2	267	26.041575	23.955991	23.965076	26.037358	0
2	268	26.066253	23.889153	23.953245	26.09135	0
2	269	26.118027	23.874777	23.88631	26.120767	0.00012
2	270	26.108898	23.851309	23.884116	26.153745	0.001931
2	271	26.130981	23.831789	23.857953	26.179259	0.000017
2	272	26.159389	23.830448	23.849452	26.160712	0
2	273	26.15401	23.815443	23.846739	26.183808	0
2	274	26.11454	23.869588	23.876326	26.139545	0
2	275	26.061551	23.917046	23.930425	26.090978	0
2	276	26.06224	23.908935	23.940184	26.088642	0
2	277	26.092649	23.917256	23.905919	26.084176	0
2	278	26.110681	23.862502	23.879489	26.147328	0
2	279	26.135161	23.85329	23.873708	26.137841	0
2	280	26.207387	23.778979	23.787551	26.226083	0
2	281	26.214976	23.766618	23.777397	26.241009	0
2	282	26.225317	23.754916	23.753016	26.266752	0
2	283	26.156648	23.823124	23.829983	26.190245	0
2	284	26.11591	23.867212	23.876599	26.140252	0.000027
2	285	26.100677	23.904893	23.901159	26.093271	0
2	286	26.026755	23.952454	23.954253	26.066506	0.000032
2	287	26.037852	23.947138	23.958711	26.056116	0.000183
2	288	26.070684	23.915275	23.923487	26.090306	0.000248
2	289	26.128171	23.846438	23.876026	26.149364	0
2	290	26.215737	23.777104	23.795	26.212146	0.000014
2	291	26.193641	23.771036	23.789858	26.245466	0
2	292	26.181606	23.792	23.81761	26.205032	0.003752
2	293	26.157434	23.804128	23.837318	26.201012	0.000107
2	294	26.152672	23.805152	23.85159	26.19058	0.000005
2	295	26.131726	23.852735	23.876859	26.138675	0.000005
2	296	26.115801	23.862761	23.888591	26.132847	0
2	297	26.202955	23.781318	23.785023	26.230704	0
2	298	26.65396	23.338298	23.348316	26.659426	0
2	299	27.884958	22.097338	22.104439	27.913265	0
2	300	33.618347	16.348694	16.368451	33.664507	0


