## htsjdk.samtools.metrics.StringHeader
# CollectMultipleMetrics INPUT=C0_R1.mLb.clN.sorted.bam OUTPUT=C0_R1.mLb.clN.CollectMultipleMetrics TMP_DIR=[tmp] VALIDATION_STRINGENCY=LENIENT REFERENCE_SEQUENCE=genome.fa    ASSUME_SORTED=true STOP_AFTER=0 METRIC_ACCUMULATION_LEVEL=[ALL_READS] PROGRAM=[CollectAlignmentSummaryMetrics, CollectBaseDistributionByCycle, CollectInsertSizeMetrics, MeanQualityByCycle, QualityScoreDistribution] INCLUDE_UNPAIRED=false VERBOSITY=INFO QUIET=false COMPRESSION_LEVEL=5 MAX_RECORDS_IN_RAM=500000 CREATE_INDEX=false CREATE_MD5_FILE=false GA4GH_CLIENT_SECRETS=client_secrets.json USE_JDK_DEFLATER=false USE_JDK_INFLATER=false
## htsjdk.samtools.metrics.StringHeader
# Started on: Thu Feb 24 22:31:56 UTC 2022

## METRICS CLASS	picard.analysis.BaseDistributionByCycleMetrics
READ_END	CYCLE	PCT_A	PCT_C	PCT_G	PCT_T	PCT_N
1	1	15.048477	34.87559	34.932974	15.073594	0.069365
1	2	27.191352	22.798406	22.847026	27.162962	0.000254
1	3	25.040007	24.938435	24.979298	25.031012	0.011248
1	4	24.977305	24.976878	25.048256	24.997418	0.000143
1	5	33.529944	16.396536	16.46155	33.61028	0.00169
1	6	24.857959	25.06902	25.148769	24.924252	0
1	7	25.004155	24.982271	25.008503	25.00507	0
1	8	26.741087	23.245206	23.279494	26.734213	0
1	9	18.773571	31.177688	31.245011	18.80373	0
1	10	29.754988	20.209808	20.243859	29.791344	0
1	11	21.902152	28.056458	28.124744	21.916647	0
1	12	27.352142	22.649307	22.672592	27.325959	0
1	13	22.432062	27.554465	27.592821	22.420651	0
1	14	23.591811	26.360285	26.412947	23.634957	0
1	15	25.613959	24.339589	24.388617	25.657835	0
1	16	26.35566	23.583217	23.650048	26.411074	0
1	17	27.067499	22.898516	22.921934	27.111202	0.00085
1	18	27.243526	22.72244	22.74126	27.292775	0
1	19	27.026629	22.918117	22.964735	27.090519	0
1	20	26.96635	22.982626	23.046797	27.004227	0
1	21	26.637518	23.337895	23.383057	26.64153	0
1	22	26.934112	23.042129	23.075083	26.948285	0.000391
1	23	26.643549	23.338441	23.373007	26.645002	0
1	24	26.864179	23.100976	23.172138	26.862612	0.000094
1	25	26.743208	23.243827	23.279306	26.733659	0
1	26	26.835603	23.132574	23.179714	26.852109	0
1	27	26.946314	23.03278	23.060982	26.959925	0
1	28	26.976208	22.972749	23.018166	27.032877	0
1	29	27.146273	22.82341	22.846244	27.183627	0.000447
1	30	27.062736	22.903096	22.942409	27.091756	0.000003
1	31	27.014288	22.944348	22.986738	27.054626	0
1	32	27.052427	22.911705	22.95159	27.084274	0.000003
1	33	27.021926	22.940533	22.977932	27.059609	0
1	34	27.032588	22.92507	22.972782	27.069559	0
1	35	26.981968	22.989644	23.034766	26.993623	0
1	36	27.092636	22.853742	22.922143	27.131479	0
1	37	27.033517	22.937091	22.962387	27.067004	0
1	38	27.155677	22.807194	22.851054	27.186075	0
1	39	27.199646	22.758339	22.830599	27.211416	0
1	40	27.155332	22.811165	22.849446	27.184054	0.000003
1	41	27.051524	22.901636	22.961818	27.085023	0
1	42	27.080797	22.890719	22.9295	27.096304	0.002679
1	43	26.927468	23.049966	23.064845	26.95772	0
1	44	27.012339	22.952157	23.001351	27.03415	0.000003
1	45	26.93246	23.026381	23.047752	26.993406	0
1	46	27.064299	22.905583	22.94054	27.089578	0
1	47	27.212176	22.772452	22.795522	27.21985	0
1	48	27.172507	22.799626	22.832724	27.195143	0
1	49	27.230534	22.723588	22.7842	27.261678	0
1	50	27.143075	22.835747	22.871636	27.149542	0
1	51	27.113734	22.844691	22.918647	27.122928	0
1	52	27.109382	22.873156	22.912644	27.104791	0.000028
1	53	27.073242	22.891989	22.974201	27.060569	0
1	54	27.095913	22.866867	22.907614	27.129606	0
1	55	27.111127	22.857463	22.904788	27.126621	0
1	56	26.9881	22.990811	23.032157	26.988932	0
1	57	27.164731	22.826579	22.841624	27.167066	0
1	58	27.209626	22.770436	22.788509	27.231429	0
1	59	27.175213	22.782307	22.82018	27.2223	0
1	60	27.198571	22.754726	22.816	27.230703	0
1	61	27.142646	22.812353	22.858264	27.186737	0
1	62	27.17268	22.814904	22.848117	27.164299	0
1	63	27.162438	22.803867	22.853255	27.18044	0
1	64	27.072407	22.925654	22.938626	27.063314	0
1	65	27.14773	22.819118	22.852885	27.180267	0
1	66	27.009457	22.965486	22.990751	27.034307	0
1	67	27.214581	22.744383	22.76898	27.272045	0.000012
1	68	27.218476	22.720804	22.779253	27.281135	0.000333
1	69	27.127882	22.835305	22.862307	27.174506	0
1	70	27.163465	22.821981	22.85977	27.154783	0
1	71	27.141094	22.79078	22.869146	27.19898	0
1	72	27.372971	22.592215	22.640148	27.394666	0
1	73	27.168294	22.817734	22.843704	27.170267	0
1	74	27.138206	22.825223	22.861027	27.17554	0.000004
1	75	27.102882	22.84712	22.89996	27.150038	0
1	76	27.098319	22.868988	22.896269	27.136424	0
1	77	27.230395	22.744595	22.792656	27.232354	0
1	78	27.16378	22.80688	22.854328	27.175013	0
1	79	27.215579	22.72152	22.789453	27.273448	0
1	80	27.194962	22.754484	22.831029	27.219526	0
1	81	27.202781	22.734769	22.81667	27.245763	0.000017
1	82	27.373659	22.610532	22.651646	27.364163	0
1	83	27.266015	22.696433	22.74643	27.291122	0
1	84	27.292718	22.685517	22.710031	27.311734	0
1	85	27.254643	22.719229	22.746096	27.280032	0
1	86	27.292118	22.660332	22.725499	27.322051	0
1	87	27.305071	22.681021	22.690399	27.323509	0
1	88	27.178051	22.790868	22.826841	27.204241	0
1	89	27.242742	22.702163	22.752564	27.302531	0
1	90	27.333911	22.628924	22.690468	27.346696	0
1	91	27.308719	22.641374	22.703212	27.346695	0
1	92	27.207109	22.79857	22.825982	27.168302	0.000036
1	93	27.157456	22.787021	22.866366	27.189113	0.000045
1	94	27.243716	22.725503	22.769966	27.260815	0
1	95	27.158636	22.798442	22.840229	27.202693	0
1	96	27.264967	22.711443	22.743734	27.279856	0
1	97	27.180142	22.782631	22.840629	27.196598	0
1	98	27.146713	22.800587	22.869853	27.182847	0
1	99	27.133524	22.81125	22.859965	27.19526	0
1	100	27.138766	22.815182	22.867947	27.178106	0
1	101	27.264411	22.694462	22.752662	27.288465	0
1	102	27.256817	22.710082	22.765949	27.267151	0
1	103	27.250427	22.721999	22.754514	27.27306	0
1	104	27.223771	22.71621	22.799692	27.260328	0
1	105	27.241038	22.732086	22.779348	27.247527	0
1	106	27.191613	22.756843	22.795319	27.256225	0
1	107	27.246812	22.717403	22.741373	27.294412	0
1	108	27.25528	22.705627	22.727346	27.311747	0
1	109	27.334574	22.632554	22.661752	27.37112	0
1	110	27.275753	22.683519	22.711559	27.329169	0
1	111	27.356114	22.594767	22.636	27.413119	0
1	112	27.421801	22.561742	22.605655	27.410802	0
1	113	27.385965	22.605789	22.611962	27.396284	0
1	114	27.320175	22.660587	22.674726	27.344512	0
1	115	27.272897	22.711127	22.75596	27.260016	0
1	116	27.304113	22.660186	22.707681	27.32802	0
1	117	27.342259	22.635917	22.677965	27.343834	0.000025
1	118	27.372756	22.608727	22.649069	27.369448	0
1	119	27.402542	22.56141	22.582011	27.454038	0
1	120	27.422047	22.536993	22.587311	27.453648	0
1	121	27.44365	22.511659	22.535462	27.509228	0
1	122	27.486344	22.508393	22.522714	27.482549	0
1	123	27.444619	22.541456	22.569433	27.444481	0.00001
1	124	27.375702	22.598866	22.606295	27.419137	0
1	125	27.355598	22.62363	22.643383	27.377389	0
1	126	27.332259	22.622853	22.654014	27.390874	0
1	127	27.387698	22.582778	22.622684	27.40684	0
1	128	27.442064	22.543147	22.578477	27.436312	0
1	129	27.469356	22.524443	22.584844	27.421357	0
1	130	27.513322	22.454993	22.500441	27.531244	0
1	131	27.512062	22.458725	22.476509	27.552704	0
1	132	27.553811	22.445647	22.44913	27.551411	0
1	133	27.452081	22.518503	22.570718	27.458597	0.000101
1	134	27.418208	22.531148	22.600254	27.45039	0
1	135	27.378742	22.592888	22.630343	27.398027	0
1	136	27.29746	22.675513	22.69273	27.334296	0
1	137	27.332521	22.665172	22.694301	27.308006	0
1	138	27.353859	22.626665	22.645197	27.374088	0.00019
1	139	27.416271	22.547191	22.587014	27.449524	0
1	140	27.486384	22.474734	22.518585	27.520297	0
1	141	27.480479	22.48509	22.516476	27.517956	0
1	142	27.480596	22.48875	22.52883	27.501824	0
1	143	27.430286	22.534519	22.553644	27.481551	0
1	144	27.404997	22.560021	22.591873	27.443109	0
1	145	27.38138	22.573018	22.643926	27.401676	0
1	146	27.379359	22.588437	22.636435	27.395768	0
1	147	27.471024	22.474501	22.523739	27.530736	0
1	148	27.900561	22.054919	22.079688	27.964833	0
1	149	29.285446	20.670817	20.701322	29.342416	0
1	150	34.651418	15.313625	15.312089	34.722867	0
2	151	15.005568	34.953709	35.038268	15.001924	0.000531
2	152	27.193651	22.788144	22.822501	27.195703	0
2	153	25.101963	24.884425	24.911988	25.101624	0
2	154	25.066206	24.881728	24.944189	25.107877	0
2	155	33.637179	16.319799	16.364514	33.678508	0
2	156	24.946524	24.991334	25.085963	24.976175	0.000003
2	157	25.094277	24.875345	24.942515	25.087862	0
2	158	26.768527	23.228096	23.258587	26.74479	0
2	159	18.740817	31.217346	31.287262	18.754575	0
2	160	29.827118	20.138636	20.167144	29.867102	0
2	161	21.960551	27.994443	28.058965	21.986041	0
2	162	27.402563	22.623955	22.633604	27.339878	0
2	163	22.535305	27.447917	27.495313	22.521465	0
2	164	23.661775	26.281469	26.36699	23.689765	0
2	165	25.674046	24.280981	24.371591	25.673378	0.000003
2	166	26.417346	23.538172	23.596989	26.447492	0
2	167	27.105164	22.862635	22.892325	27.139876	0
2	168	27.30217	22.689246	22.696902	27.311682	0
2	169	27.086351	22.868927	22.911555	27.133167	0
2	170	27.021914	22.932977	22.995962	27.049148	0
2	171	26.694034	23.260226	23.330265	26.715475	0
2	172	27.012978	22.958997	23.013246	27.014749	0.000029
2	173	26.726538	23.250498	23.309153	26.713811	0
2	174	26.919578	23.048087	23.123893	26.908443	0
2	175	26.782297	23.18597	23.250196	26.781538	0
2	176	26.863395	23.086772	23.150775	26.899058	0
2	177	26.981238	22.996554	23.030275	26.991933	0
2	178	27.009189	22.933772	22.986139	27.0709	0
2	179	27.171072	22.781227	22.826317	27.221384	0
2	180	27.090748	22.87777	22.901555	27.129926	0
2	181	27.056832	22.887032	22.949428	27.106709	0
2	182	27.098413	22.8464	22.911304	27.143876	0.000007
2	183	27.065772	22.888935	22.952469	27.092824	0
2	184	27.088928	22.868107	22.921231	27.121734	0
2	185	27.023378	22.93936	23.004413	27.032849	0
2	186	27.129631	22.824457	22.882592	27.16332	0
2	187	27.059721	22.910646	22.953034	27.0766	0
2	188	27.17422	22.798555	22.827082	27.200142	0
2	189	27.20941	22.749118	22.800738	27.240713	0.00002
2	190	27.177194	22.785937	22.826699	27.210167	0.000003
2	191	27.076376	22.881427	22.932397	27.109801	0
2	192	27.126703	22.857366	22.896246	27.119685	0
2	193	26.963959	23.008718	23.038384	26.988939	0
2	194	27.069425	22.900628	22.951928	27.078019	0
2	195	26.974184	22.984924	23.030398	27.010493	0
2	196	27.109841	22.861543	22.908734	27.119838	0.000045
2	197	27.228548	22.747388	22.769837	27.254227	0
2	198	27.192851	22.797575	22.819399	27.190175	0
2	199	27.261055	22.710266	22.758777	27.269901	0
2	200	27.160168	22.820453	22.846147	27.173231	0
2	201	27.133938	22.813287	22.89903	27.153717	0.000028
2	202	27.154343	22.826626	22.87508	27.143399	0.000552
2	203	27.09165	22.868273	22.944133	27.095943	0
2	204	27.122966	22.833276	22.883859	27.159899	0
2	205	27.109885	22.84615	22.889491	27.154474	0
2	206	26.999666	22.956941	23.002877	27.040516	0
2	207	27.184256	22.796856	22.810148	27.20874	0
2	208	27.223954	22.750909	22.792724	27.232414	0
2	209	27.187771	22.773283	22.832951	27.205854	0.000141
2	210	27.195912	22.756141	22.803433	27.244514	0
2	211	27.178413	22.792929	22.843612	27.185047	0
2	212	27.190777	22.792766	22.821502	27.194499	0.000457
2	213	27.20013	22.765377	22.845914	27.188579	0
2	214	27.095899	22.896933	22.913688	27.093388	0.000092
2	215	27.168602	22.805391	22.837763	27.188221	0.000023
2	216	27.066544	22.919595	22.937984	27.074036	0.001842
2	217	27.247697	22.71358	22.767125	27.271583	0.000016
2	218	27.259598	22.722052	22.746993	27.270375	0.000983
2	219	27.142112	22.821122	22.851972	27.184715	0.000079
2	220	27.148201	22.82485	22.872554	27.154368	0.000028
2	221	27.147648	22.79155	22.85204	27.208762	0
2	222	27.290409	22.665956	22.717765	27.325869	0
2	223	27.168725	22.803641	22.839178	27.188448	0.000008
2	224	27.175601	22.79767	22.837653	27.189076	0
2	225	27.112358	22.877648	22.90541	27.104579	0.000004
2	226	27.1317	22.815004	22.875784	27.177475	0.000037
2	227	27.270891	22.726591	22.751479	27.251038	0
2	228	27.264624	22.680222	22.734414	27.320736	0.000004
2	229	27.250541	22.704512	22.734262	27.310685	0
2	230	27.222376	22.747985	22.78997	27.239669	0
2	231	27.214262	22.714107	22.777535	27.294096	0
2	232	27.314437	22.661165	22.705419	27.318979	0
2	233	27.262955	22.686362	22.743057	27.307626	0
2	234	27.307266	22.651916	22.714062	27.326756	0
2	235	27.22859	22.741349	22.770503	27.259558	0
2	236	27.286734	22.645938	22.702655	27.364664	0.000009
2	237	27.284215	22.693037	22.741533	27.281215	0
2	238	27.279266	22.682556	22.728161	27.309995	0.000022
2	239	27.274378	22.683973	22.734661	27.306979	0.000009
2	240	27.326743	22.639275	22.689324	27.344654	0.000004
2	241	27.284171	22.655287	22.734905	27.325632	0.000004
2	242	27.311768	22.691947	22.686185	27.308988	0.001113
2	243	27.193722	22.766478	22.794031	27.245621	0.000148
2	244	27.284662	22.664294	22.711073	27.338088	0.001883
2	245	27.201786	22.760987	22.793388	27.243839	0
2	246	27.307988	22.657359	22.693698	27.340954	0
2	247	27.193253	22.786188	22.80435	27.216209	0
2	248	27.217447	22.747317	22.783177	27.25204	0.000018
2	249	27.263423	22.675783	22.733863	27.326931	0
2	250	27.244486	22.723523	22.763174	27.268818	0
2	251	27.336952	22.63132	22.680866	27.350862	0
2	252	27.25731	22.69332	22.762903	27.286466	0
2	253	27.238568	22.718696	22.761864	27.280867	0.000005
2	254	27.259972	22.687303	22.753729	27.298997	0
2	255	27.259302	22.705473	22.754262	27.280964	0
2	256	27.213895	22.733253	22.765472	27.28738	0
2	257	27.256731	22.700662	22.755125	27.287435	0.000048
2	258	27.276569	22.687879	22.706451	27.329101	0
2	259	27.358318	22.599806	22.6599	27.381977	0
2	260	27.314592	22.651294	22.698583	27.335531	0
2	261	27.373224	22.587292	22.616474	27.42301	0
2	262	27.427265	22.555139	22.57507	27.442526	0
2	263	27.40266	22.56055	22.60265	27.43412	0.00002
2	264	27.357126	22.615566	22.641344	27.385894	0.000069
2	265	27.312504	22.676262	22.710944	27.30005	0.000239
2	266	27.361334	22.596646	22.670395	27.371625	0
2	267	27.375298	22.591576	22.653484	27.379641	0
2	268	27.415849	22.551783	22.598954	27.433414	0
2	269	27.443074	22.540189	22.566549	27.450183	0.000005
2	270	27.441025	22.505423	22.53508	27.517584	0.000888
2	271	27.467578	22.470688	22.51809	27.543639	0.000005
2	272	27.522228	22.480951	22.496459	27.500363	0
2	273	27.467627	22.512953	22.522435	27.496985	0
2	274	27.416553	22.562227	22.581873	27.439348	0
2	275	27.400878	22.573211	22.632564	27.393347	0
2	276	27.378489	22.57448	22.620836	27.426169	0.000026
2	277	27.438141	22.537644	22.570482	27.453733	0
2	278	27.465693	22.491694	22.570991	27.471622	0
2	279	27.452048	22.505413	22.553482	27.489057	0
2	280	27.535086	22.426998	22.460991	27.576925	0
2	281	27.557182	22.422682	22.4754	27.544736	0
2	282	27.571242	22.433319	22.444242	27.551197	0
2	283	27.47332	22.508488	22.537114	27.481077	0
2	284	27.415194	22.522601	22.589941	27.472264	0
2	285	27.413246	22.5467	22.604098	27.435955	0
2	286	27.301474	22.648568	22.644971	27.404982	0.000005
2	287	27.371415	22.609521	22.6504	27.368664	0
2	288	27.389412	22.578821	22.599355	27.432401	0.000011
2	289	27.457923	22.492591	22.532928	27.516557	0
2	290	27.538963	22.436206	22.458666	27.566165	0
2	291	27.549264	22.425126	22.454886	27.570724	0
2	292	27.523986	22.459402	22.498667	27.512862	0.005083
2	293	27.453052	22.505633	22.520781	27.520356	0.000177
2	294	27.439384	22.52085	22.5804	27.459366	0
2	295	27.429591	22.515753	22.587208	27.467382	0.000067
2	296	27.406182	22.549011	22.588216	27.45659	0
2	297	27.542816	22.426654	22.455549	27.574981	0
2	298	27.965652	21.97797	22.022637	28.03374	0
2	299	29.37506	20.587056	20.631707	29.406176	0
2	300	34.926487	15.004224	15.041105	35.028185	0


