## htsjdk.samtools.metrics.StringHeader
# CollectMultipleMetrics INPUT=C1_R1.mLb.clN.sorted.bam OUTPUT=C1_R1.mLb.clN.CollectMultipleMetrics TMP_DIR=[tmp] VALIDATION_STRINGENCY=LENIENT REFERENCE_SEQUENCE=genome.fa    ASSUME_SORTED=true STOP_AFTER=0 METRIC_ACCUMULATION_LEVEL=[ALL_READS] PROGRAM=[CollectAlignmentSummaryMetrics, CollectBaseDistributionByCycle, CollectInsertSizeMetrics, MeanQualityByCycle, QualityScoreDistribution] INCLUDE_UNPAIRED=false VERBOSITY=INFO QUIET=false COMPRESSION_LEVEL=5 MAX_RECORDS_IN_RAM=500000 CREATE_INDEX=false CREATE_MD5_FILE=false GA4GH_CLIENT_SECRETS=client_secrets.json USE_JDK_DEFLATER=false USE_JDK_INFLATER=false
## htsjdk.samtools.metrics.StringHeader
# Started on: Thu Feb 24 22:16:05 UTC 2022

## METRICS CLASS	picard.analysis.BaseDistributionByCycleMetrics
READ_END	CYCLE	PCT_A	PCT_C	PCT_G	PCT_T	PCT_N
1	1	15.084183	34.821995	34.917863	15.10055	0.075409
1	2	27.268185	22.724988	22.763256	27.243286	0.000285
1	3	24.91791	25.067113	25.107558	24.89561	0.011809
1	4	24.944376	24.994591	25.073505	24.987354	0.000174
1	5	33.815267	16.130895	16.183455	33.868386	0.001998
1	6	24.796785	25.113701	25.227016	24.862498	0
1	7	24.954038	25.038438	25.073186	24.934339	0
1	8	26.709461	23.284338	23.335094	26.671107	0
1	9	18.502685	31.456678	31.517743	18.522894	0
1	10	29.822637	20.1568	20.181845	29.838719	0
1	11	21.777848	28.189391	28.243386	21.789368	0.000007
1	12	27.24545	22.768832	22.781811	27.203907	0
1	13	22.342353	27.638223	27.678749	22.340675	0
1	14	23.481282	26.473635	26.543082	23.502001	0
1	15	25.539978	24.424187	24.486009	25.549827	0
1	16	26.309622	23.641251	23.712776	26.336352	0
1	17	27.028926	22.942721	22.986954	27.040429	0.000969
1	18	27.220913	22.767557	22.791052	27.220479	0
1	19	26.932113	23.015059	23.058545	26.994283	0
1	20	26.854408	23.094707	23.155274	26.895611	0
1	21	26.503769	23.435171	23.530321	26.530739	0
1	22	26.865354	23.106514	23.151401	26.876325	0.000406
1	23	26.585719	23.383168	23.428406	26.602708	0
1	24	26.839907	23.123977	23.179294	26.85668	0.000142
1	25	26.721582	23.247484	23.303313	26.72762	0
1	26	26.831711	23.105743	23.179762	26.882781	0.000003
1	27	26.973361	23.019689	23.061587	26.945363	0
1	28	26.978123	22.973771	23.038132	27.009975	0
1	29	27.123191	22.833556	22.885975	27.156871	0.000407
1	30	27.008686	22.965946	22.989546	27.035819	0.000003
1	31	26.924014	23.012506	23.084372	26.979109	0
1	32	26.973766	22.970893	23.036786	27.018548	0.000007
1	33	26.956949	23.008651	23.057746	26.976654	0
1	34	26.994737	22.950892	23.022172	27.032199	0
1	35	26.961222	23.01765	23.067059	26.954069	0
1	36	27.096455	22.858731	22.927543	27.117271	0
1	37	27.051914	22.926422	22.986688	27.034976	0
1	38	27.165653	22.791612	22.84873	27.194005	0
1	39	27.183166	22.785759	22.831191	27.199884	0
1	40	27.127546	22.812556	22.883613	27.176285	0
1	41	27.018009	22.917372	23.000343	27.064276	0
1	42	27.040744	22.922002	22.98871	27.045471	0.003073
1	43	26.891459	23.06933	23.140829	26.898375	0.000007
1	44	26.976992	22.968879	23.044858	27.009264	0.000007
1	45	26.931041	23.036246	23.078056	26.954656	0
1	46	27.066725	22.894232	22.920037	27.119006	0
1	47	27.239798	22.737773	22.777824	27.244605	0
1	48	27.16431	22.805068	22.818957	27.211665	0
1	49	27.242981	22.706905	22.774987	27.275128	0
1	50	27.141546	22.812084	22.889576	27.156793	0
1	51	27.102992	22.847357	22.943775	27.105877	0
1	52	27.11932	22.862104	22.918132	27.100415	0.00003
1	53	27.036375	22.918845	22.982988	27.061792	0
1	54	27.093346	22.860311	22.917754	27.128589	0
1	55	27.097807	22.839908	22.906745	27.155539	0
1	56	27.010239	22.965473	23.001454	27.022833	0
1	57	27.196466	22.791545	22.805695	27.206293	0
1	58	27.237596	22.717013	22.771288	27.274104	0
1	59	27.194411	22.753112	22.816848	27.235628	0
1	60	27.202342	22.734932	22.806031	27.256695	0
1	61	27.172209	22.789251	22.831402	27.207138	0
1	62	27.196697	22.80021	22.809708	27.193385	0
1	63	27.186028	22.763059	22.838862	27.212051	0
1	64	27.094877	22.887259	22.919431	27.098433	0
1	65	27.186483	22.762994	22.834834	27.215689	0
1	66	27.069493	22.894869	22.951603	27.084034	0
1	67	27.285497	22.692025	22.724294	27.298165	0.00002
1	68	27.306535	22.654824	22.741291	27.296957	0.000392
1	69	27.191252	22.765723	22.82271	27.220315	0
1	70	27.214552	22.758577	22.816969	27.209902	0
1	71	27.163346	22.77691	22.845576	27.214168	0
1	72	27.404923	22.564079	22.628294	27.402705	0
1	73	27.189524	22.758997	22.836181	27.215298	0
1	74	27.201619	22.73862	22.807838	27.251923	0
1	75	27.163934	22.797713	22.850533	27.18782	0
1	76	27.166	22.760646	22.838364	27.23499	0
1	77	27.353282	22.65874	22.681486	27.306492	0
1	78	27.318945	22.66477	22.686427	27.329857	0
1	79	27.311757	22.648724	22.691144	27.348375	0
1	80	27.288013	22.681168	22.741622	27.289197	0
1	81	27.265253	22.658252	22.756296	27.320187	0.000013
1	82	27.441129	22.542388	22.609883	27.406601	0
1	83	27.366711	22.602135	22.676561	27.354592	0
1	84	27.365692	22.592431	22.656709	27.385167	0
1	85	27.330515	22.651754	22.677624	27.340107	0
1	86	27.368851	22.557964	22.628744	27.444442	0
1	87	27.392236	22.589056	22.637791	27.380916	0
1	88	27.317844	22.646094	22.701307	27.334755	0
1	89	27.33826	22.604073	22.66432	27.393347	0
1	90	27.436513	22.535554	22.593433	27.4345	0
1	91	27.39217	22.554962	22.624032	27.428836	0
1	92	27.354728	22.619684	22.68022	27.345336	0.000031
1	93	27.292223	22.670581	22.734229	27.302843	0.000125
1	94	27.373738	22.595984	22.631355	27.398922	0
1	95	27.296634	22.645875	22.711085	27.346406	0
1	96	27.410095	22.552284	22.60372	27.433901	0
1	97	27.332067	22.633907	22.711453	27.322573	0
1	98	27.334617	22.608905	22.699425	27.357053	0
1	99	27.330569	22.609343	22.68815	27.371938	0
1	100	27.311896	22.631707	22.70139	27.355007	0
1	101	27.460883	22.506466	22.570003	27.462648	0
1	102	27.396724	22.552325	22.61954	27.431412	0
1	103	27.419353	22.56305	22.602319	27.415278	0
1	104	27.417726	22.53906	22.60114	27.442074	0
1	105	27.397799	22.566818	22.621839	27.413544	0
1	106	27.350183	22.599003	22.634766	27.416047	0
1	107	27.406334	22.551461	22.60076	27.441444	0
1	108	27.405522	22.532743	22.580618	27.481118	0
1	109	27.484481	22.451178	22.530151	27.53419	0
1	110	27.453806	22.480783	22.582031	27.48338	0
1	111	27.511942	22.42009	22.516623	27.551345	0
1	112	27.565149	22.397881	22.443041	27.593929	0
1	113	27.562607	22.396703	22.459259	27.581432	0
1	114	27.501058	22.445392	22.512188	27.541362	0
1	115	27.464433	22.5254	22.552546	27.457621	0
1	116	27.483858	22.470113	22.547001	27.499028	0
1	117	27.522452	22.457214	22.51218	27.508124	0.000029
1	118	27.557515	22.410769	22.486578	27.545137	0
1	119	27.604398	22.359646	22.449699	27.586256	0
1	120	27.598412	22.361278	22.416657	27.623653	0
1	121	27.615578	22.350837	22.371732	27.661854	0
1	122	27.649731	22.333458	22.359126	27.657685	0
1	123	27.622878	22.360151	22.382943	27.634019	0.00001
1	124	27.572451	22.381001	22.435652	27.610897	0
1	125	27.554901	22.423269	22.467327	27.554503	0
1	126	27.524543	22.418274	22.481623	27.575559	0
1	127	27.623722	22.359742	22.433304	27.583232	0
1	128	27.62901	22.327089	22.40478	27.639122	0
1	129	27.612679	22.349394	22.418379	27.619548	0
1	130	27.695813	22.273779	22.311079	27.719328	0
1	131	27.697531	22.285624	22.317576	27.699269	0
1	132	27.736098	22.259758	22.271553	27.732591	0
1	133	27.634304	22.354382	22.371827	27.63942	0.000067
1	134	27.596081	22.353237	22.422663	27.628018	0
1	135	27.568253	22.37949	22.425812	27.626445	0
1	136	27.513608	22.461937	22.467385	27.557071	0
1	137	27.523556	22.458324	22.473378	27.544743	0
1	138	27.545309	22.39837	22.443642	27.612416	0.000263
1	139	27.610724	22.325259	22.391786	27.672231	0
1	140	27.687499	22.280701	22.305857	27.725943	0
1	141	27.66615	22.29331	22.339241	27.701299	0
1	142	27.692291	22.293221	22.336186	27.678303	0
1	143	27.648592	22.314406	22.369871	27.667132	0
1	144	27.628512	22.344293	22.398259	27.628909	0.000027
1	145	27.618901	22.343175	22.424202	27.613721	0
1	146	27.585833	22.354586	22.442269	27.617313	0
1	147	27.705723	22.282855	22.30204	27.709382	0
1	148	28.111622	21.849462	21.893087	28.145829	0
1	149	29.480065	20.485118	20.539444	29.495373	0
1	150	34.966311	14.968315	15.019095	35.046279	0
2	151	15.020148	34.924269	35.013946	15.041077	0.000559
2	152	27.17298	22.808944	22.865474	27.152601	0
2	153	24.921013	25.07181	25.129765	24.877412	0
2	154	24.950299	24.976237	25.078108	24.995355	0
2	155	33.834934	16.094403	16.163402	33.907261	0
2	156	24.808517	25.11828	25.209656	24.863544	0.000003
2	157	24.977474	25.007035	25.049079	24.966412	0
2	158	26.682068	23.308973	23.357593	26.651367	0
2	159	18.402936	31.532563	31.619413	18.445088	0
2	160	29.86178	20.107356	20.161549	29.869315	0
2	161	21.781194	28.158444	28.241138	21.819225	0
2	162	27.238832	22.770235	22.786345	27.204588	0
2	163	22.400117	27.593921	27.623323	22.382639	0
2	164	23.493629	26.452894	26.535908	23.517569	0
2	165	25.541704	24.414543	24.485244	25.558484	0.000024
2	166	26.290108	23.652243	23.723448	26.334201	0
2	167	27.016951	22.967228	22.991793	27.024028	0
2	168	27.211602	22.786161	22.804361	27.197876	0
2	169	26.929827	22.994041	23.057294	27.018838	0
2	170	26.862061	23.095002	23.145787	26.89715	0
2	171	26.514326	23.419493	23.506389	26.559792	0
2	172	26.882293	23.099803	23.128611	26.889269	0.000024
2	173	26.616815	23.36104	23.406872	26.615269	0.000003
2	174	26.851565	23.108003	23.196146	26.844286	0
2	175	26.732612	23.245076	23.291844	26.730468	0
2	176	26.823935	23.129966	23.200202	26.845897	0
2	177	26.953696	23.027228	23.070614	26.948463	0
2	178	26.984667	22.98712	23.032417	26.995796	0
2	179	27.11349	22.842419	22.91262	27.131471	0
2	180	26.988004	22.97616	23.002939	27.032896	0
2	181	26.943974	23.009065	23.058508	26.988453	0
2	182	27.000885	22.960473	23.013361	27.025278	0.000003
2	183	26.961723	22.99973	23.059845	26.978702	0
2	184	26.995452	22.954286	23.010963	27.039298	0
2	185	26.945039	23.006174	23.078705	26.970082	0
2	186	27.072401	22.876898	22.937883	27.112818	0
2	187	27.026106	22.951647	22.992283	27.029964	0
2	188	27.148428	22.811085	22.863728	27.176759	0
2	189	27.174673	22.791553	22.845962	27.187801	0.000011
2	190	27.109846	22.842344	22.881459	27.166351	0
2	191	26.998357	22.942163	22.999389	27.060088	0.000004
2	192	27.039331	22.923951	22.993849	27.042869	0
2	193	26.879245	23.081462	23.134941	26.904352	0
2	194	26.985725	22.966005	23.031214	27.017056	0
2	195	26.91699	23.042533	23.093695	26.946781	0
2	196	27.07664	22.891052	22.933017	27.099234	0.000058
2	197	27.223967	22.768474	22.795183	27.212376	0
2	198	27.161431	22.816115	22.860098	27.162356	0
2	199	27.227232	22.717832	22.799787	27.255149	0
2	200	27.111231	22.840554	22.918269	27.129947	0
2	201	27.072662	22.873619	22.957525	27.096169	0.000026
2	202	27.102959	22.876611	22.918139	27.101831	0.00046
2	203	27.04105	22.924874	23.007745	27.026332	0
2	204	27.09695	22.892155	22.914216	27.09668	0
2	205	27.104667	22.860446	22.916137	27.118749	0
2	206	26.986412	22.97537	23.031798	27.00642	0
2	207	27.198772	22.794395	22.82497	27.181863	0
2	208	27.227918	22.749306	22.795386	27.227391	0
2	209	27.190178	22.779525	22.830248	27.199922	0.000127
2	210	27.187952	22.752169	22.842948	27.216924	0.000008
2	211	27.141729	22.80861	22.845491	27.20417	0
2	212	27.161089	22.797125	22.859404	27.181873	0.000509
2	213	27.181038	22.807297	22.847341	27.164324	0
2	214	27.07515	22.898023	22.940102	27.086638	0.000086
2	215	27.177321	22.795712	22.834266	27.192677	0.000024
2	216	27.044443	22.914274	22.979666	27.059776	0.001842
2	217	27.275239	22.693379	22.733447	27.297927	0.000008
2	218	27.268896	22.700006	22.746912	27.28313	0.001055
2	219	27.149408	22.795008	22.864969	27.190555	0.00006
2	220	27.163994	22.805709	22.86248	27.167814	0.000004
2	221	27.13205	22.799728	22.882567	27.185655	0
2	222	27.304857	22.667651	22.717963	27.309529	0
2	223	27.177816	22.77891	22.850496	27.192778	0
2	224	27.170712	22.787956	22.847224	27.194108	0
2	225	27.115814	22.862294	22.895576	27.126304	0.000012
2	226	27.158682	22.774287	22.863573	27.20342	0.000037
2	227	27.305868	22.681438	22.72943	27.283264	0
2	228	27.322836	22.641986	22.709265	27.325909	0.000004
2	229	27.273141	22.681944	22.716789	27.328126	0
2	230	27.263741	22.708693	22.773144	27.254421	0
2	231	27.222756	22.699681	22.783101	27.294462	0
2	232	27.346272	22.640742	22.66901	27.343977	0
2	233	27.313698	22.663145	22.713625	27.309532	0
2	234	27.323932	22.633929	22.687971	27.354168	0
2	235	27.266741	22.707958	22.735478	27.289823	0
2	236	27.317375	22.605695	22.678784	27.398133	0.000013
2	237	27.322203	22.661821	22.685506	27.33047	0
2	238	27.334124	22.637668	22.691751	27.336435	0.000022
2	239	27.311534	22.627269	22.706618	27.35457	0.000009
2	240	27.389692	22.568328	22.640799	27.401167	0.000013
2	241	27.33781	22.595155	22.702527	27.364507	0
2	242	27.399874	22.582844	22.639433	27.376717	0.001132
2	243	27.246943	22.710278	22.766367	27.27626	0.000152
2	244	27.35772	22.596402	22.642025	27.40183	0.002023
2	245	27.255481	22.693786	22.745719	27.305013	0
2	246	27.397938	22.576272	22.627757	27.398033	0
2	247	27.269561	22.711754	22.744732	27.273953	0
2	248	27.27504	22.668879	22.742622	27.313428	0.000032
2	249	27.330244	22.607226	22.67863	27.3839	0
2	250	27.299801	22.635788	22.729611	27.334799	0
2	251	27.400609	22.566097	22.622658	27.410636	0
2	252	27.315371	22.652649	22.682557	27.349423	0
2	253	27.32472	22.653205	22.683095	27.338971	0.000009
2	254	27.32256	22.621539	22.672067	27.383835	0
2	255	27.32874	22.658008	22.670184	27.343069	0
2	256	27.313003	22.654248	22.707411	27.325338	0
2	257	27.340786	22.627771	22.659587	27.371799	0.000057
2	258	27.352257	22.601022	22.657724	27.388997	0
2	259	27.415051	22.530758	22.581633	27.472557	0
2	260	27.377737	22.573424	22.622186	27.426653	0
2	261	27.466026	22.496745	22.547155	27.490074	0
2	262	27.497799	22.469361	22.513969	27.518872	0
2	263	27.482567	22.498693	22.500362	27.518368	0.00001
2	264	27.464797	22.507405	22.545825	27.48193	0.000044
2	265	27.401003	22.584978	22.593399	27.420377	0.000243
2	266	27.453706	22.497074	22.572284	27.476936	0
2	267	27.46728	22.496829	22.552983	27.482908	0
2	268	27.491175	22.477213	22.529936	27.501676	0
2	269	27.497833	22.449187	22.500304	27.552675	0
2	270	27.533912	22.413078	22.481355	27.570581	0.001075
2	271	27.547727	22.378499	22.445148	27.628625	0
2	272	27.591705	22.405613	22.413305	27.589377	0
2	273	27.570494	22.413065	22.432159	27.584282	0
2	274	27.515872	22.485154	22.471466	27.527508	0
2	275	27.494831	22.473628	22.534107	27.497434	0
2	276	27.489685	22.451947	22.513905	27.544463	0
2	277	27.590458	22.413836	22.453186	27.542521	0
2	278	27.583408	22.404743	22.454105	27.557744	0
2	279	27.572625	22.394563	22.459559	27.573253	0
2	280	27.62875	22.315712	22.389498	27.66604	0
2	281	27.632672	22.331523	22.379686	27.656119	0
2	282	27.665537	22.33045	22.362431	27.641582	0
2	283	27.557349	22.40901	22.455351	27.578289	0
2	284	27.531865	22.417659	22.475415	27.575061	0
2	285	27.51267	22.459064	22.489658	27.538608	0
2	286	27.441259	22.529233	22.545028	27.484464	0.000016
2	287	27.478092	22.516568	22.536213	27.469127	0
2	288	27.496777	22.440913	22.512344	27.549935	0.000032
2	289	27.57003	22.377234	22.431412	27.621325	0
2	290	27.645655	22.322208	22.381518	27.650619	0
2	291	27.618205	22.351557	22.382204	27.648033	0
2	292	27.624177	22.369976	22.389797	27.610702	0.005348
2	293	27.567531	22.396085	22.439718	27.596479	0.000187
2	294	27.566559	22.404257	22.453828	27.575356	0
2	295	27.5469	22.409726	22.4797	27.563566	0.000108
2	296	27.539632	22.425604	22.482486	27.552279	0
2	297	27.683782	22.304663	22.336751	27.674805	0
2	298	28.105295	21.855952	21.91093	28.127822	0
2	299	29.490045	20.451252	20.525404	29.5333	0
2	300	34.983527	14.935101	14.978673	35.102699	0


