## htsjdk.samtools.metrics.StringHeader
# CollectMultipleMetrics INPUT=C1_R2.mLb.clN.sorted.bam OUTPUT=C1_R2.mLb.clN.CollectMultipleMetrics TMP_DIR=[tmp] VALIDATION_STRINGENCY=LENIENT REFERENCE_SEQUENCE=genome.fa    ASSUME_SORTED=true STOP_AFTER=0 METRIC_ACCUMULATION_LEVEL=[ALL_READS] PROGRAM=[CollectAlignmentSummaryMetrics, CollectBaseDistributionByCycle, CollectInsertSizeMetrics, MeanQualityByCycle, QualityScoreDistribution] INCLUDE_UNPAIRED=false VERBOSITY=INFO QUIET=false COMPRESSION_LEVEL=5 MAX_RECORDS_IN_RAM=500000 CREATE_INDEX=false CREATE_MD5_FILE=false GA4GH_CLIENT_SECRETS=client_secrets.json USE_JDK_DEFLATER=false USE_JDK_INFLATER=false
## htsjdk.samtools.metrics.StringHeader
# Started on: Fri Feb 25 08:37:32 UTC 2022

## METRICS CLASS	picard.analysis.BaseDistributionByCycleMetrics
READ_END	CYCLE	PCT_A	PCT_C	PCT_G	PCT_T	PCT_N
1	1	14.493747	35.424142	35.496022	14.51432	0.071769
1	2	26.503464	23.497001	23.519105	26.478196	0.002233
1	3	24.334648	25.642009	25.698389	24.314132	0.010822
1	4	24.267386	25.667451	25.751578	24.313432	0.000152
1	5	32.874708	17.054664	17.125714	32.944307	0.000607
1	6	24.084252	25.863989	25.933569	24.118166	0.000025
1	7	24.249408	25.751259	25.774095	24.225237	0
1	8	26.020639	23.975075	24.015089	25.989197	0
1	9	18.09939	31.850248	31.920859	18.129503	0
1	10	29.217186	20.765694	20.809212	29.207908	0
1	11	21.165638	28.796513	28.854315	21.182889	0.000645
1	12	26.691011	23.315585	23.328275	26.66513	0
1	13	21.745851	28.227421	28.281854	21.744874	0
1	14	22.936634	27.035353	27.081739	22.946274	0
1	15	24.927797	25.042812	25.103064	24.926326	0
1	16	25.680427	24.270804	24.327546	25.721223	0
1	17	26.402016	23.571763	23.591939	26.432393	0.00189
1	18	26.611898	23.365775	23.384489	26.637838	0
1	19	26.408677	23.548186	23.601777	26.44136	0
1	20	26.375877	23.597148	23.646137	26.380838	0
1	21	26.02065	23.931569	24.010691	26.03709	0
1	22	26.336085	23.650551	23.676947	26.336123	0.000294
1	23	26.030466	23.946594	23.983227	26.039714	0
1	24	26.244907	23.708403	23.791786	26.254847	0.000057
1	25	26.092215	23.884035	23.916922	26.106828	0
1	26	26.174919	23.767603	23.834498	26.222972	0.000008
1	27	26.291894	23.692413	23.715098	26.300596	0
1	28	26.334245	23.611288	23.668855	26.385611	0
1	29	26.501463	23.447441	23.511269	26.539	0.000826
1	30	26.432308	23.533937	23.569112	26.464626	0.000016
1	31	26.387721	23.567158	23.612234	26.432887	0
1	32	26.430795	23.51494	23.576616	26.477638	0.000011
1	33	26.397558	23.569311	23.615098	26.418032	0
1	34	26.413246	23.542609	23.59524	26.448905	0
1	35	26.330361	23.632689	23.676508	26.360442	0
1	36	26.470125	23.494669	23.558003	26.477204	0
1	37	26.399551	23.583303	23.623574	26.393572	0
1	38	26.502174	23.4662	23.516768	26.514857	0
1	39	26.514064	23.437866	23.496713	26.551358	0
1	40	26.483679	23.472253	23.51302	26.531049	0
1	41	26.392759	23.564922	23.607395	26.434924	0
1	42	26.422969	23.545262	23.600352	26.427289	0.004128
1	43	26.275986	23.683859	23.702075	26.338078	0.000003
1	44	26.380219	23.565953	23.638741	26.415087	0
1	45	26.329498	23.642277	23.667585	26.360629	0.000012
1	46	26.441541	23.506593	23.570751	26.481116	0
1	47	26.583799	23.389697	23.416373	26.610122	0.000009
1	48	26.560399	23.430604	23.44674	26.562257	0
1	49	26.601027	23.348848	23.407152	26.642973	0
1	50	26.517112	23.452779	23.525024	26.505085	0
1	51	26.466162	23.486197	23.544774	26.502867	0
1	52	26.4842	23.500744	23.534717	26.480339	0
1	53	26.454388	23.518303	23.570127	26.457183	0
1	54	26.49645	23.456721	23.514963	26.531866	0
1	55	26.498827	23.447058	23.520022	26.534094	0
1	56	26.404285	23.55826	23.615554	26.421901	0
1	57	26.581079	23.405964	23.435579	26.577378	0
1	58	26.6215	23.337915	23.375572	26.665013	0
1	59	26.583579	23.375952	23.428415	26.612054	0
1	60	26.612547	23.354521	23.395019	26.637852	0.000061
1	61	26.584478	23.392801	23.40744	26.615281	0
1	62	26.597174	23.377649	23.420564	26.604613	0
1	63	26.605897	23.359827	23.425587	26.608689	0
1	64	26.513038	23.453794	23.510029	26.523136	0.000003
1	65	26.590978	23.36041	23.429466	26.619146	0
1	66	26.479297	23.496426	23.537525	26.486752	0
1	67	26.673415	23.29594	23.318222	26.712397	0.000027
1	68	26.708535	23.266363	23.299254	26.724867	0.00098
1	69	26.583921	23.365686	23.429807	26.620586	0
1	70	26.605177	23.350821	23.432097	26.611904	0
1	71	26.585368	23.356484	23.432369	26.625779	0
1	72	26.786732	23.16438	23.231631	26.817257	0
1	73	26.631345	23.349537	23.400608	26.61851	0
1	74	26.622265	23.328061	23.372515	26.677155	0.000003
1	75	26.582877	23.368459	23.426593	26.622071	0
1	76	26.570101	23.363198	23.432368	26.634333	0
1	77	26.734842	23.265291	23.276049	26.723818	0
1	78	26.722279	23.261454	23.287789	26.728478	0
1	79	26.717089	23.234268	23.270725	26.777918	0
1	80	26.698364	23.269269	23.320305	26.712061	0
1	81	26.681686	23.259515	23.344016	26.71467	0.000112
1	82	26.850587	23.128561	23.201496	26.819356	0
1	83	26.757391	23.206007	23.276191	26.760412	0
1	84	26.810091	23.191274	23.207857	26.790778	0
1	85	26.757928	23.219907	23.243529	26.778636	0
1	86	26.799863	23.147468	23.211742	26.840927	0
1	87	26.815466	23.169059	23.221144	26.794165	0.000165
1	88	26.719397	23.237418	23.277873	26.765312	0
1	89	26.767025	23.180568	23.247591	26.804817	0
1	90	26.861661	23.104761	23.17945	26.854128	0
1	91	26.83153	23.109214	23.17387	26.885386	0
1	92	26.762086	23.217163	23.26527	26.755335	0.000146
1	93	26.695562	23.278244	23.304461	26.721725	0.000008
1	94	26.784629	23.16734	23.224293	26.823737	0
1	95	26.715885	23.238131	23.282734	26.76325	0
1	96	26.828002	23.151419	23.177796	26.842784	0
1	97	26.75397	23.219467	23.2698	26.756763	0
1	98	26.739288	23.211924	23.27592	26.772868	0
1	99	26.770998	23.18002	23.245463	26.803519	0
1	100	26.749983	23.189573	23.264424	26.796019	0
1	101	26.851237	23.099751	23.168537	26.880475	0
1	102	26.829754	23.136243	23.17106	26.862943	0
1	103	26.859469	23.126246	23.151477	26.862808	0
1	104	26.858252	23.11985	23.16007	26.861828	0
1	105	26.811315	23.141576	23.195846	26.851111	0.000152
1	106	26.788161	23.147723	23.228074	26.836042	0
1	107	26.813126	23.149884	23.206985	26.830005	0
1	108	26.861718	23.127393	23.150799	26.86009	0
1	109	26.898384	23.048019	23.095199	26.958397	0
1	110	26.865527	23.09141	23.120994	26.922069	0
1	111	26.916766	23.015112	23.079456	26.988666	0
1	112	26.987813	22.998281	22.981687	27.032219	0
1	113	26.955114	23.01617	23.036136	26.99258	0
1	114	26.931503	23.046769	23.083346	26.938383	0
1	115	26.874358	23.122327	23.148279	26.855036	0
1	116	26.905494	23.067786	23.096375	26.930345	0
1	117	26.934082	23.064337	23.067941	26.933575	0.000065
1	118	26.968049	22.98499	23.060053	26.98667	0.000239
1	119	27.00166	22.970479	23.003377	27.024484	0
1	120	27.007342	22.939974	22.997292	27.055393	0
1	121	27.059302	22.91362	22.936988	27.09009	0
1	122	27.081324	22.917556	22.940281	27.06084	0
1	123	27.042612	22.937941	22.957817	27.061545	0.000084
1	124	26.994846	22.983464	23.012156	27.009534	0
1	125	26.965193	23.017152	23.047167	26.970488	0
1	126	26.92131	23.01921	23.063138	26.996342	0
1	127	27.000542	22.989105	23.037733	26.97262	0
1	128	27.006196	22.947806	23.018696	27.027298	0.000005
1	129	27.039823	22.937994	22.972143	27.05004	0
1	130	27.12556	22.855985	22.89406	27.124395	0
1	131	27.121678	22.856105	22.884266	27.137951	0
1	132	27.157856	22.846409	22.858008	27.137726	0
1	133	27.067451	22.900684	22.953468	27.078396	0
1	134	27.010248	22.94284	22.989819	27.057093	0
1	135	26.975225	22.987912	23.023294	27.013569	0
1	136	26.906876	23.067964	23.059462	26.965698	0
1	137	26.924189	23.073654	23.068919	26.933238	0
1	138	26.952389	23.013817	23.041046	26.992537	0.00021
1	139	27.026353	22.923003	22.985436	27.065207	0
1	140	27.136772	22.860229	22.895087	27.107912	0
1	141	27.085097	22.854616	22.915773	27.144514	0
1	142	27.100896	22.87973	22.902397	27.116978	0
1	143	27.066509	22.88946	22.942047	27.101984	0
1	144	27.039405	22.909913	22.969031	27.08165	0
1	145	27.031419	22.957899	22.982863	27.027818	0
1	146	26.992489	22.969646	23.024367	27.013498	0
1	147	27.108504	22.873671	22.896141	27.121684	0
1	148	27.513825	22.44253	22.480627	27.563017	0
1	149	28.814853	21.166517	21.164956	28.853673	0
1	150	34.508328	15.460129	15.500256	34.531287	0
2	151	14.432258	35.516495	35.598407	14.451846	0.000994
2	152	26.462557	23.537478	23.560113	26.439838	0.000014
2	153	24.372495	25.608811	25.65227	24.366425	0
2	154	24.307757	25.619437	25.712841	24.35996	0.000005
2	155	32.956065	16.989224	17.049713	33.004997	0
2	156	24.100514	25.825656	25.908202	24.165628	0
2	157	24.303724	25.68906	25.712588	24.294629	0
2	158	26.021341	23.975399	24.000496	26.002764	0
2	159	18.033338	31.925107	31.980469	18.061087	0
2	160	29.252982	20.721843	20.748009	29.277166	0
2	161	21.203773	28.754356	28.809881	21.23199	0
2	162	26.708904	23.299358	23.315912	26.675826	0
2	163	21.828769	28.149563	28.197406	21.824262	0
2	164	22.953515	26.985149	27.058233	23.003103	0
2	165	24.945715	25.010902	25.075751	24.967626	0.000005
2	166	25.6872	24.269701	24.325599	25.7175	0
2	167	26.416558	23.562403	23.583992	26.437047	0
2	168	26.612867	23.338606	23.385382	26.663145	0
2	169	26.429062	23.533895	23.576915	26.460128	0
2	170	26.385478	23.578998	23.635367	26.400156	0
2	171	26.045594	23.885324	23.968485	26.100597	0
2	172	26.362004	23.60288	23.650139	26.384844	0.000133
2	173	26.079035	23.906666	23.947536	26.066756	0.000008
2	174	26.25513	23.698006	23.772885	26.273978	0
2	175	26.101513	23.85722	23.917994	26.123273	0
2	176	26.181107	23.775384	23.820033	26.223476	0
2	177	26.295708	23.680776	23.713168	26.310347	0
2	178	26.335819	23.603546	23.671488	26.389148	0
2	179	26.505407	23.448811	23.506931	26.538851	0
2	180	26.453474	23.519974	23.566031	26.460521	0
2	181	26.404577	23.540319	23.601779	26.453324	0
2	182	26.468941	23.508024	23.549076	26.473959	0
2	183	26.424847	23.536152	23.603492	26.435509	0
2	184	26.430148	23.528723	23.58532	26.455809	0
2	185	26.355913	23.617577	23.666037	26.360473	0
2	186	26.452695	23.507237	23.567962	26.472106	0
2	187	26.388971	23.582103	23.639668	26.389257	0
2	188	26.506382	23.463466	23.525975	26.504177	0
2	189	26.533186	23.445511	23.490811	26.530475	0.000017
2	190	26.486126	23.476871	23.512406	26.52458	0.000017
2	191	26.396536	23.559403	23.611791	26.432267	0.000003
2	192	26.422778	23.553287	23.581765	26.44217	0
2	193	26.292883	23.672783	23.704542	26.329761	0.000031
2	194	26.416713	23.533041	23.603942	26.4463	0.000003
2	195	26.356984	23.628512	23.650929	26.363572	0.000003
2	196	26.444852	23.509519	23.551988	26.493342	0.000299
2	197	26.58502	23.395976	23.422819	26.596182	0.000003
2	198	26.542276	23.441839	23.468604	26.547281	0
2	199	26.600977	23.365009	23.417807	26.616207	0
2	200	26.495553	23.468381	23.524001	26.512064	0
2	201	26.470826	23.482379	23.553806	26.492989	0
2	202	26.496653	23.482828	23.518395	26.501368	0.000755
2	203	26.468789	23.508267	23.562227	26.460712	0.000006
2	204	26.509848	23.466042	23.518046	26.506064	0
2	205	26.516872	23.458076	23.507039	26.518013	0
2	206	26.410591	23.560997	23.620258	26.408154	0
2	207	26.564396	23.415814	23.435865	26.583925	0
2	208	26.61338	23.358473	23.408161	26.619987	0
2	209	26.576114	23.384039	23.43877	26.601039	0.000038
2	210	26.597584	23.364605	23.417838	26.619973	0
2	211	26.567568	23.399926	23.43716	26.595346	0
2	212	26.583484	23.38842	23.422372	26.605475	0.000249
2	213	26.60732	23.358678	23.437957	26.596045	0
2	214	26.524471	23.455891	23.500202	26.518732	0.000704
2	215	26.595129	23.37282	23.404177	26.627768	0.000105
2	216	26.451575	23.493177	23.552646	26.501587	0.001015
2	217	26.67678	23.289832	23.333612	26.699763	0.000013
2	218	26.687335	23.27895	23.32875	26.704401	0.000564
2	219	26.572861	23.408647	23.434854	26.583629	0.00001
2	220	26.58165	23.396955	23.44526	26.576128	0.000007
2	221	26.536991	23.400194	23.448098	26.614713	0.000003
2	222	26.716905	23.250941	23.312608	26.719546	0
2	223	26.585518	23.377665	23.42199	26.614827	0
2	224	26.61634	23.354958	23.387174	26.641527	0
2	225	26.536599	23.440104	23.468201	26.55509	0.000007
2	226	26.594676	23.358792	23.416245	26.630231	0.000056
2	227	26.726203	23.270544	23.296219	26.707035	0
2	228	26.743687	23.243234	23.286957	26.726122	0
2	229	26.718435	23.250004	23.277037	26.754517	0.000007
2	230	26.675976	23.290256	23.350116	26.683652	0
2	231	26.664728	23.270686	23.358989	26.705597	0
2	232	26.772302	23.221488	23.25563	26.75058	0
2	233	26.736217	23.232309	23.29477	26.736705	0
2	234	26.783888	23.200175	23.239874	26.776048	0.000015
2	235	26.707652	23.258879	23.296258	26.737211	0
2	236	26.773781	23.177187	23.234856	26.814153	0.000022
2	237	26.7709	23.21205	23.259267	26.757782	0
2	238	26.75401	23.210372	23.24113	26.793925	0.000563
2	239	26.753108	23.203916	23.260905	26.782052	0.000019
2	240	26.822178	23.129905	23.187242	26.860676	0
2	241	26.775986	23.157883	23.23877	26.827361	0
2	242	26.818507	23.159707	23.182899	26.837481	0.001406
2	243	26.692345	23.270727	23.313023	26.723571	0.000333
2	244	26.799481	23.151174	23.209567	26.838715	0.001063
2	245	26.726889	23.220775	23.268878	26.783458	0
2	246	26.823793	23.166158	23.167433	26.842615	0
2	247	26.726104	23.256291	23.305157	26.712448	0
2	248	26.74892	23.220101	23.280071	26.750864	0.000044
2	249	26.78851	23.159931	23.227433	26.824125	0
2	250	26.740296	23.197049	23.279654	26.783001	0
2	251	26.833861	23.123974	23.166943	26.875222	0
2	252	26.775004	23.171158	23.250655	26.803183	0
2	253	26.792027	23.193821	23.232846	26.781301	0.000004
2	254	26.803719	23.16058	23.222902	26.8128	0
2	255	26.778519	23.180548	23.229288	26.811645	0
2	256	26.749542	23.210048	23.260493	26.779913	0.000004
2	257	26.790464	23.183319	23.236961	26.789186	0.00007
2	258	26.820183	23.15144	23.198596	26.829782	0
2	259	26.866232	23.09177	23.135896	26.906102	0
2	260	26.839213	23.110663	23.168705	26.881419	0
2	261	26.884121	23.060387	23.117652	26.937841	0
2	262	26.960473	23.016521	23.055031	26.967971	0.000004
2	263	26.928235	23.033165	23.076251	26.962349	0
2	264	26.887929	23.074958	23.117485	26.919611	0.000017
2	265	26.835644	23.155948	23.156038	26.85143	0.000939
2	266	26.883573	23.080312	23.118125	26.91799	0
2	267	26.899274	23.071538	23.118572	26.910611	0.000004
2	268	26.941564	23.030521	23.087976	26.93993	0.000009
2	269	26.957981	23.014057	23.050859	26.976989	0.000113
2	270	26.985451	22.9786	23.044216	26.98988	0.001853
2	271	26.985381	22.958444	23.008938	27.047228	0.000009
2	272	27.036389	22.971819	22.970967	27.020825	0
2	273	27.00847	22.964994	23.007529	27.019006	0
2	274	26.974433	23.001764	23.040079	26.983724	0
2	275	26.935869	23.054914	23.061174	26.948043	0
2	276	26.905542	23.047248	23.087944	26.959266	0
2	277	26.979414	23.013561	23.050036	26.956989	0
2	278	26.987682	22.989537	23.021436	27.001345	0
2	279	27.002865	22.963783	23.038105	26.995247	0
2	280	27.098722	22.886977	22.912509	27.101792	0
2	281	27.066481	22.8943	22.946138	27.093071	0.000009
2	282	27.125216	22.864798	22.919	27.090986	0
2	283	27.01094	22.973089	23.004991	27.010981	0
2	284	26.982071	22.973826	23.023915	27.020179	0.000009
2	285	26.947062	23.03086	23.073446	26.948631	0
2	286	26.890101	23.075896	23.114971	26.919014	0.000019
2	287	26.886614	23.088279	23.120578	26.904328	0.0002
2	288	26.932857	23.028504	23.064109	26.974226	0.000304
2	289	26.992978	22.942207	23.015996	27.048819	0
2	290	27.073553	22.892273	22.942754	27.091406	0.000014
2	291	27.057064	22.918199	22.932138	27.092599	0
2	292	27.063944	22.920887	22.928927	27.082208	0.004034
2	293	27.034806	22.947822	22.9565	27.060758	0.000114
2	294	27.008743	22.962447	23.00409	27.024721	0
2	295	26.994087	22.951408	23.038084	27.01642	0
2	296	26.973355	23.001418	23.026095	26.999132	0
2	297	27.073521	22.877853	22.914459	27.134167	0
2	298	27.531138	22.443641	22.462187	27.563034	0
2	299	28.843639	21.104134	21.135185	28.917042	0
2	300	34.524268	15.42089	15.464636	34.590206	0


