## htsjdk.samtools.metrics.StringHeader
# CollectMultipleMetrics INPUT=C24_R1.mLb.clN.sorted.bam OUTPUT=C24_R1.mLb.clN.CollectMultipleMetrics TMP_DIR=[tmp] VALIDATION_STRINGENCY=LENIENT REFERENCE_SEQUENCE=genome.fa    ASSUME_SORTED=true STOP_AFTER=0 METRIC_ACCUMULATION_LEVEL=[ALL_READS] PROGRAM=[CollectAlignmentSummaryMetrics, CollectBaseDistributionByCycle, CollectInsertSizeMetrics, MeanQualityByCycle, QualityScoreDistribution] INCLUDE_UNPAIRED=false VERBOSITY=INFO QUIET=false COMPRESSION_LEVEL=5 MAX_RECORDS_IN_RAM=500000 CREATE_INDEX=false CREATE_MD5_FILE=false GA4GH_CLIENT_SECRETS=client_secrets.json USE_JDK_DEFLATER=false USE_JDK_INFLATER=false
## htsjdk.samtools.metrics.StringHeader
# Started on: Fri Feb 25 08:37:32 UTC 2022

## METRICS CLASS	picard.analysis.BaseDistributionByCycleMetrics
READ_END	CYCLE	PCT_A	PCT_C	PCT_G	PCT_T	PCT_N
1	1	14.783691	35.136417	35.207374	14.798416	0.074102
1	2	26.66432	23.290446	23.350471	26.694432	0.00033
1	3	24.269915	25.718263	25.741302	24.258465	0.012055
1	4	24.195059	25.737837	25.80488	24.261985	0.000239
1	5	33.552689	16.391902	16.448419	33.60492	0.00207
1	6	24.203401	25.739834	25.825328	24.231437	0
1	7	24.205081	25.762961	25.799175	24.232784	0
1	8	26.04921	23.933935	23.986671	26.030184	0
1	9	17.675504	32.271297	32.341213	17.711987	0
1	10	29.354893	20.616151	20.656844	29.372112	0
1	11	20.941301	29.013108	29.077125	20.968454	0.000012
1	12	26.612722	23.398316	23.426728	26.562234	0
1	13	21.349752	28.624537	28.681726	21.343986	0
1	14	22.593432	27.346595	27.429008	22.630965	0
1	15	24.618685	25.350458	25.413213	24.617644	0
1	16	25.428164	24.529018	24.588346	25.454472	0
1	17	26.169598	23.810465	23.816007	26.202913	0.001017
1	18	26.288806	23.698997	23.709414	26.302783	0
1	19	26.082273	23.866649	23.917918	26.13316	0
1	20	26.031123	23.920294	23.984988	26.063596	0
1	21	25.73645	24.223992	24.317423	25.722134	0
1	22	26.034515	23.921924	23.979886	26.063339	0.000336
1	23	25.719093	24.227204	24.307028	25.746676	0
1	24	25.922801	24.036852	24.111456	25.928806	0.000085
1	25	25.78988	24.200468	24.235107	25.774546	0
1	26	25.833947	24.104813	24.185122	25.876118	0
1	27	25.935351	24.033457	24.067916	25.963276	0
1	28	25.977693	23.967687	24.035731	26.018889	0
1	29	26.161292	23.800453	23.860374	26.177421	0.000461
1	30	26.106082	23.867051	23.914298	26.112566	0.000003
1	31	26.04108	23.911594	23.964838	26.082487	0
1	32	26.100729	23.841569	23.895712	26.161984	0.000006
1	33	26.071953	23.884873	23.933988	26.109186	0
1	34	26.116043	23.845681	23.896789	26.141488	0
1	35	26.057682	23.923002	23.955034	26.064282	0
1	36	26.154213	23.80521	23.854295	26.186282	0
1	37	26.123613	23.845952	23.902431	26.128004	0
1	38	26.216913	23.750611	23.794592	26.237884	0
1	39	26.217507	23.731187	23.803368	26.247937	0
1	40	26.206829	23.764887	23.795848	26.232433	0.000003
1	41	26.128954	23.835363	23.882524	26.153159	0
1	42	26.134486	23.828186	23.889393	26.144869	0.003066
1	43	25.983327	23.979552	24.017428	26.019678	0.000016
1	44	26.086361	23.865801	23.922917	26.124905	0.000016
1	45	26.046533	23.922538	23.949276	26.081653	0
1	46	26.196157	23.776361	23.820958	26.206525	0
1	47	26.328081	23.653816	23.667023	26.35108	0
1	48	26.317097	23.67975	23.686901	26.316251	0
1	49	26.324907	23.63866	23.687763	26.348669	0
1	50	26.246298	23.72885	23.766311	26.25854	0
1	51	26.213421	23.744342	23.814684	26.227553	0
1	52	26.196878	23.776365	23.828373	26.198356	0.000029
1	53	26.172386	23.782905	23.854839	26.18987	0
1	54	26.254575	23.717933	23.753737	26.273755	0
1	55	26.250067	23.726544	23.755616	26.267773	0
1	56	26.149352	23.803338	23.872004	26.175305	0
1	57	26.315361	23.659226	23.706978	26.318435	0
1	58	26.350641	23.614389	23.645049	26.389921	0
1	59	26.308646	23.645225	23.708243	26.337886	0
1	60	26.327455	23.634958	23.681505	26.356083	0
1	61	26.289223	23.665861	23.704178	26.340738	0
1	62	26.315225	23.648818	23.708434	26.327523	0
1	63	26.305509	23.648642	23.698179	26.34767	0
1	64	26.234041	23.731279	23.774813	26.259868	0
1	65	26.32297	23.639786	23.690277	26.346967	0
1	66	26.223196	23.73977	23.775863	26.261171	0
1	67	26.424669	23.557872	23.577866	26.439568	0.000025
1	68	26.432468	23.525472	23.574248	26.467425	0.000386
1	69	26.306368	23.663795	23.697455	26.332381	0
1	70	26.322258	23.641004	23.711282	26.325455	0
1	71	26.311769	23.613416	23.713032	26.361783	0
1	72	26.477824	23.479965	23.553885	26.488327	0
1	73	26.333215	23.616301	23.672484	26.378	0
1	74	26.343213	23.626428	23.653665	26.37669	0.000004
1	75	26.300247	23.659823	23.688303	26.351627	0
1	76	26.307592	23.64953	23.689605	26.353272	0
1	77	26.42211	23.55798	23.589875	26.430036	0
1	78	26.410718	23.558226	23.590469	26.440587	0
1	79	26.448941	23.507886	23.543554	26.49962	0
1	80	26.406114	23.55894	23.621944	26.413001	0
1	81	26.411175	23.522398	23.619583	26.44682	0.000023
1	82	26.518302	23.461768	23.512356	26.507574	0
1	83	26.449477	23.494928	23.561781	26.493813	0
1	84	26.515969	23.459876	23.497293	26.526862	0
1	85	26.488156	23.483668	23.522038	26.506135	0.000004
1	86	26.520323	23.420872	23.502002	26.556803	0
1	87	26.498679	23.490247	23.507226	26.503848	0
1	88	26.434429	23.521683	23.566268	26.47762	0
1	89	26.495425	23.459274	23.528311	26.516989	0
1	90	26.568402	23.417895	23.435097	26.578605	0
1	91	26.523924	23.418502	23.465681	26.591893	0
1	92	26.458044	23.523588	23.560416	26.457933	0.00002
1	93	26.428672	23.549191	23.573893	26.448144	0.000099
1	94	26.507755	23.469235	23.497569	26.525441	0
1	95	26.444521	23.520726	23.565447	26.469306	0
1	96	26.518335	23.455651	23.483198	26.542816	0
1	97	26.464549	23.510294	23.548541	26.476615	0
1	98	26.447297	23.502662	23.557836	26.492205	0
1	99	26.462948	23.501689	23.520414	26.514948	0
1	100	26.46007	23.495129	23.559756	26.485045	0
1	101	26.54794	23.415822	23.457976	26.578262	0
1	102	26.545763	23.422896	23.457295	26.574047	0
1	103	26.53279	23.438162	23.457504	26.571544	0
1	104	26.540094	23.422947	23.462743	26.574216	0
1	105	26.525126	23.457041	23.46789	26.549943	0
1	106	26.481364	23.469274	23.508892	26.54047	0
1	107	26.53203	23.436077	23.466064	26.565829	0
1	108	26.536405	23.419604	23.463813	26.580178	0
1	109	26.604185	23.369083	23.410221	26.616511	0
1	110	26.570255	23.394414	23.42531	26.610022	0
1	111	26.621561	23.330699	23.363751	26.68399	0
1	112	26.681072	23.289947	23.32396	26.705021	0
1	113	26.654451	23.300548	23.337523	26.707479	0
1	114	26.604175	23.364926	23.393397	26.637502	0
1	115	26.571248	23.409821	23.440008	26.578923	0
1	116	26.611219	23.363992	23.395833	26.628956	0
1	117	26.62666	23.342802	23.365662	26.664859	0.000018
1	118	26.689615	23.290177	23.341863	26.678345	0
1	119	26.734248	23.253741	23.273765	26.738246	0
1	120	26.691929	23.241473	23.308668	26.75793	0
1	121	26.7307	23.208019	23.267004	26.794277	0
1	122	26.752834	23.232668	23.251175	26.763322	0
1	123	26.744412	23.238733	23.259467	26.757379	0.000009
1	124	26.686263	23.287933	23.300781	26.725024	0
1	125	26.663907	23.331231	23.338664	26.666199	0
1	126	26.623837	23.325297	23.359522	26.691345	0
1	127	26.709686	23.277863	23.30682	26.705631	0
1	128	26.720945	23.252908	23.286653	26.739485	0.000009
1	129	26.756341	23.217853	23.256829	26.768978	0
1	130	26.821025	23.150897	23.158664	26.869414	0
1	131	26.806588	23.151088	23.187297	26.855026	0
1	132	26.858416	23.111114	23.160544	26.869926	0
1	133	26.748799	23.214254	23.249801	26.787054	0.000092
1	134	26.720612	23.239769	23.274954	26.764664	0
1	135	26.7022	23.277932	23.312491	26.707377	0
1	136	26.619424	23.335052	23.362173	26.683351	0
1	137	26.64031	23.328902	23.368952	26.661836	0
1	138	26.676581	23.30661	23.322313	26.69429	0.000206
1	139	26.747052	23.194926	23.265664	26.792359	0
1	140	26.845626	23.145115	23.170243	26.839016	0
1	141	26.808426	23.142803	23.193993	26.854778	0
1	142	26.821835	23.175829	23.18595	26.816386	0
1	143	26.769257	23.200692	23.235393	26.794658	0
1	144	26.751662	23.205149	23.258512	26.784668	0.00001
1	145	26.73767	23.240817	23.289459	26.732054	0
1	146	26.705571	23.268319	23.2791	26.747011	0
1	147	26.820623	23.146828	23.183926	26.848623	0
1	148	27.229172	22.748654	22.76887	27.253303	0
1	149	28.520203	21.451153	21.461935	28.566709	0
1	150	34.153339	15.803799	15.848761	34.1941	0
2	151	14.71113	35.236793	35.296972	14.754508	0.000596
2	152	26.614601	23.362968	23.395771	26.62666	0
2	153	24.321792	25.660832	25.704008	24.313368	0
2	154	24.25624	25.690294	25.753182	24.300281	0.000003
2	155	33.603355	16.348639	16.381908	33.666098	0
2	156	24.227003	25.722697	25.787177	24.263102	0.000021
2	157	24.262533	25.705224	25.735757	24.296486	0
2	158	26.056235	23.922936	23.978514	26.042315	0
2	159	17.628742	32.321739	32.410923	17.638596	0
2	160	29.399676	20.570578	20.604141	29.425605	0
2	161	20.964791	28.998453	29.031888	21.004867	0
2	162	26.606965	23.401479	23.422139	26.569416	0
2	163	21.418593	28.559191	28.594733	21.427482	0
2	164	22.635878	27.32184	27.373684	22.668599	0
2	165	24.659757	25.304301	25.353633	24.682293	0.000015
2	166	25.445664	24.507362	24.566158	25.480816	0
2	167	26.185434	23.788244	23.808752	26.217571	0
2	168	26.289868	23.683237	23.702595	26.3243	0
2	169	26.110824	23.838241	23.894585	26.156351	0
2	170	26.043547	23.914255	23.964059	26.078139	0
2	171	25.727731	24.218436	24.276246	25.777587	0
2	172	26.060444	23.90605	23.953827	26.079657	0.000021
2	173	25.773768	24.21182	24.231887	25.782521	0.000003
2	174	25.937564	24.020525	24.101607	25.940304	0
2	175	25.808833	24.178471	24.2115	25.801196	0
2	176	25.845048	24.094764	24.176419	25.883769	0
2	177	25.963554	24.010209	24.05774	25.968496	0
2	178	25.993295	23.972441	24.004855	26.029409	0
2	179	26.165943	23.811354	23.84931	26.173393	0
2	180	26.087892	23.881175	23.918908	26.112025	0
2	181	26.040364	23.911403	23.960993	26.08724	0
2	182	26.10563	23.824623	23.893609	26.176132	0.000006
2	183	26.073656	23.872147	23.934881	26.119315	0
2	184	26.132162	23.834528	23.87629	26.157021	0
2	185	26.086983	23.881483	23.93329	26.098245	0
2	186	26.171536	23.783127	23.856851	26.188485	0
2	187	26.123808	23.831454	23.903202	26.141535	0
2	188	26.218485	23.751995	23.799167	26.230353	0
2	189	26.229857	23.741103	23.79762	26.231407	0.000012
2	190	26.18158	23.777769	23.805243	26.235408	0
2	191	26.120242	23.841001	23.887203	26.151554	0
2	192	26.125854	23.855198	23.888997	26.129951	0
2	193	26.009594	23.953575	24.012545	26.024286	0
2	194	26.137078	23.810771	23.901824	26.150328	0
2	195	26.063	23.908079	23.928936	26.099985	0
2	196	26.223231	23.745695	23.787546	26.243461	0.000067
2	197	26.340581	23.652318	23.65775	26.349351	0
2	198	26.283345	23.696342	23.705078	26.315235	0
2	199	26.341208	23.643854	23.67468	26.340259	0
2	200	26.231083	23.737604	23.795314	26.235995	0.000003
2	201	26.212012	23.746	23.827866	26.214092	0.000029
2	202	26.19957	23.778662	23.8146	26.206661	0.000507
2	203	26.175691	23.784854	23.862392	26.177063	0
2	204	26.247848	23.729651	23.774815	26.247686	0
2	205	26.25146	23.722232	23.758477	26.267831	0
2	206	26.148518	23.819158	23.870799	26.161526	0
2	207	26.326909	23.664183	23.688945	26.319964	0
2	208	26.341926	23.621116	23.674485	26.362473	0
2	209	26.299334	23.64488	23.726873	26.328791	0.000122
2	210	26.294404	23.669938	23.695355	26.34029	0.000014
2	211	26.270163	23.673819	23.744329	26.311689	0
2	212	26.300968	23.676165	23.70369	26.318662	0.000515
2	213	26.282298	23.664098	23.723862	26.329743	0
2	214	26.24184	23.727321	23.775863	26.254913	0.000063
2	215	26.316596	23.66107	23.695126	26.327194	0.000014
2	216	26.213203	23.754409	23.778964	26.251447	0.001977
2	217	26.411919	23.542947	23.595532	26.449591	0.000011
2	218	26.401693	23.563772	23.598388	26.435012	0.001134
2	219	26.301155	23.674257	23.704462	26.320034	0.000093
2	220	26.289692	23.671485	23.73647	26.302339	0.000014
2	221	26.293928	23.658853	23.726005	26.321214	0
2	222	26.391457	23.565495	23.624541	26.418506	0
2	223	26.292956	23.67064	23.715335	26.321062	0.000007
2	224	26.322101	23.643046	23.67126	26.363593	0
2	225	26.272698	23.694408	23.739673	26.29321	0.000011
2	226	26.305172	23.643624	23.71147	26.339697	0.000037
2	227	26.426665	23.540957	23.6015	26.430878	0
2	228	26.444361	23.513904	23.575633	26.466098	0.000004
2	229	26.442184	23.525256	23.554621	26.477939	0
2	230	26.375662	23.589898	23.632905	26.401536	0
2	231	26.396489	23.534479	23.625181	26.443851	0
2	232	26.444046	23.525546	23.586124	26.444284	0
2	233	26.433388	23.514969	23.590712	26.460931	0
2	234	26.47712	23.494404	23.538251	26.490217	0.000008
2	235	26.443211	23.520733	23.573064	26.462992	0
2	236	26.497646	23.466978	23.503336	26.532024	0.000015
2	237	26.448992	23.521687	23.551477	26.477844	0
2	238	26.458902	23.495132	23.528263	26.517692	0.000012
2	239	26.468305	23.479956	23.552768	26.498956	0.000016
2	240	26.553145	23.430365	23.465933	26.550557	0
2	241	26.464648	23.474746	23.515742	26.544859	0.000004
2	242	26.512416	23.467671	23.512641	26.506157	0.001116
2	243	26.418446	23.55803	23.579582	26.443859	0.000083
2	244	26.50525	23.458464	23.49948	26.534686	0.002121
2	245	26.41939	23.532648	23.568089	26.479873	0
2	246	26.513013	23.454155	23.479071	26.553761	0
2	247	26.422903	23.565763	23.589582	26.421752	0
2	248	26.431764	23.531086	23.578552	26.458569	0.000028
2	249	26.483272	23.458435	23.516189	26.542105	0
2	250	26.455798	23.489628	23.566114	26.48846	0
2	251	26.531296	23.434284	23.47897	26.55545	0
2	252	26.450678	23.511773	23.549481	26.488068	0
2	253	26.438863	23.525729	23.542043	26.49336	0.000004
2	254	26.492198	23.466039	23.510238	26.531525	0
2	255	26.47023	23.497134	23.523949	26.508687	0
2	256	26.455058	23.510044	23.550168	26.484729	0
2	257	26.484257	23.462537	23.539184	26.513954	0.000067
2	258	26.483247	23.462957	23.527294	26.526502	0
2	259	26.537342	23.40738	23.457891	26.597388	0
2	260	26.525777	23.428683	23.482547	26.562992	0
2	261	26.585633	23.370189	23.409317	26.634861	0
2	262	26.635273	23.329539	23.386035	26.649153	0
2	263	26.606141	23.348197	23.389091	26.656558	0.000013
2	264	26.554422	23.400247	23.435985	26.609294	0.000052
2	265	26.533272	23.452509	23.472963	26.541087	0.000169
2	266	26.593105	23.374298	23.420146	26.612451	0
2	267	26.608138	23.367553	23.400824	26.623485	0
2	268	26.62672	23.3032	23.387086	26.682994	0
2	269	26.682475	23.282006	23.333849	26.701669	0
2	270	26.663105	23.26601	23.356428	26.713321	0.001137
2	271	26.700201	23.268069	23.296352	26.735379	0
2	272	26.734736	23.272655	23.279536	26.713074	0
2	273	26.69188	23.273013	23.317621	26.717486	0
2	274	26.658451	23.306652	23.350335	26.684562	0
2	275	26.624297	23.36966	23.388776	26.617267	0
2	276	26.612132	23.334595	23.373555	26.6797	0.000018
2	277	26.691641	23.292537	23.339491	26.676331	0
2	278	26.696441	23.263312	23.306023	26.734224	0
2	279	26.72659	23.257595	23.295911	26.719904	0
2	280	26.795532	23.179586	23.222458	26.802423	0
2	281	26.780983	23.170351	23.239948	26.808717	0
2	282	26.799909	23.184433	23.205468	26.81019	0
2	283	26.702035	23.275991	23.302806	26.719168	0
2	284	26.669242	23.279148	23.341255	26.710354	0
2	285	26.63986	23.332836	23.365182	26.662122	0
2	286	26.602602	23.39219	23.388443	26.616746	0.000019
2	287	26.630643	23.360718	23.402275	26.606364	0
2	288	26.650467	23.314314	23.344596	26.69059	0.000033
2	289	26.716359	23.238397	23.297179	26.748065	0
2	290	26.793725	23.178292	23.203146	26.824837	0
2	291	26.780458	23.194088	23.220197	26.805256	0
2	292	26.770463	23.209597	23.24173	26.773281	0.00493
2	293	26.727292	23.246125	23.266742	26.759632	0.000209
2	294	26.699898	23.268208	23.311307	26.720588	0
2	295	26.687536	23.273149	23.329377	26.709838	0.000101
2	296	26.67337	23.286954	23.327967	26.71171	0
2	297	26.786654	23.176785	23.220456	26.816105	0
2	298	27.243636	22.736371	22.753017	27.266976	0
2	299	28.548909	21.409734	21.437975	28.603382	0
2	300	34.182362	15.761036	15.806256	34.250347	0


