## htsjdk.samtools.metrics.StringHeader
# CollectMultipleMetrics INPUT=C24_R2.mLb.clN.sorted.bam OUTPUT=C24_R2.mLb.clN.CollectMultipleMetrics TMP_DIR=[tmp] VALIDATION_STRINGENCY=LENIENT REFERENCE_SEQUENCE=genome.fa    ASSUME_SORTED=true STOP_AFTER=0 METRIC_ACCUMULATION_LEVEL=[ALL_READS] PROGRAM=[CollectAlignmentSummaryMetrics, CollectBaseDistributionByCycle, CollectInsertSizeMetrics, MeanQualityByCycle, QualityScoreDistribution] INCLUDE_UNPAIRED=false VERBOSITY=INFO QUIET=false COMPRESSION_LEVEL=5 MAX_RECORDS_IN_RAM=500000 CREATE_INDEX=false CREATE_MD5_FILE=false GA4GH_CLIENT_SECRETS=client_secrets.json USE_JDK_DEFLATER=false USE_JDK_INFLATER=false
## htsjdk.samtools.metrics.StringHeader
# Started on: Thu Feb 24 21:41:25 UTC 2022

## METRICS CLASS	picard.analysis.BaseDistributionByCycleMetrics
READ_END	CYCLE	PCT_A	PCT_C	PCT_G	PCT_T	PCT_N
1	1	15.902045	34.035153	34.096019	15.92189	0.044893
1	2	26.681843	23.293648	23.314928	26.708806	0.000776
1	3	24.424961	25.534933	25.59248	24.440983	0.006644
1	4	24.072642	25.863503	25.950168	24.113638	0.000049
1	5	33.628101	16.303469	16.357253	33.710936	0.00024
1	6	24.340125	25.609862	25.666701	24.383306	0.000006
1	7	24.463494	25.499115	25.522858	24.514532	0
1	8	26.303072	23.68232	23.708273	26.306335	0
1	9	17.658313	32.308354	32.354824	17.678509	0
1	10	29.720741	20.261516	20.291736	29.726006	0
1	11	21.16202	28.801833	28.841542	21.194334	0.000271
1	12	26.818081	23.171652	23.195967	26.8143	0
1	13	21.737562	28.243359	28.273007	21.746072	0
1	14	22.925289	27.02588	27.080311	22.96852	0
1	15	25.048562	24.914737	24.960961	25.07574	0
1	16	25.782669	24.177361	24.221078	25.818892	0
1	17	26.552008	23.396587	23.4402	26.610559	0.000647
1	18	26.641198	23.327187	23.342359	26.689256	0
1	19	26.470115	23.48755	23.527536	26.514799	0
1	20	26.414514	23.559813	23.576949	26.448724	0
1	21	26.07968	23.884004	23.941225	26.095092	0
1	22	26.365704	23.61349	23.610971	26.409607	0.000228
1	23	26.08919	23.874859	23.89324	26.142711	0
1	24	26.268353	23.691003	23.75415	26.286488	0.000006
1	25	26.212183	23.782429	23.805416	26.199972	0
1	26	26.273073	23.662964	23.737918	26.326038	0.000006
1	27	26.423332	23.555205	23.576071	26.445393	0
1	28	26.420798	23.498458	23.56026	26.520484	0
1	29	26.640035	23.330103	23.379759	26.6498	0.000302
1	30	26.53906	23.450341	23.451574	26.559019	0.000006
1	31	26.406465	23.55135	23.579644	26.462541	0
1	32	26.463605	23.473328	23.551574	26.511487	0.000006
1	33	26.461787	23.512868	23.524816	26.500529	0
1	34	26.488082	23.449596	23.510327	26.551995	0
1	35	26.464977	23.517978	23.548916	26.468129	0
1	36	26.574724	23.386881	23.430727	26.607667	0
1	37	26.561164	23.415612	23.453716	26.569508	0
1	38	26.672313	23.285602	23.33732	26.704766	0
1	39	26.701982	23.262493	23.328369	26.707156	0
1	40	26.671795	23.304438	23.318414	26.705354	0
1	41	26.602012	23.339421	23.405525	26.653042	0
1	42	26.531043	23.425256	23.495362	26.547159	0.001181
1	43	26.386382	23.552807	23.633516	26.427295	0
1	44	26.493485	23.469031	23.547765	26.489719	0
1	45	26.447444	23.53648	23.547109	26.468967	0
1	46	26.571252	23.396396	23.417391	26.614961	0
1	47	26.68424	23.281843	23.289261	26.744656	0
1	48	26.726104	23.246191	23.273312	26.754393	0
1	49	26.762122	23.208623	23.25439	26.774866	0
1	50	26.701565	23.277132	23.309969	26.711334	0
1	51	26.657871	23.282163	23.36546	26.694506	0
1	52	26.606761	23.386125	23.411605	26.595509	0
1	53	26.585559	23.388746	23.439008	26.586687	0
1	54	26.650655	23.305124	23.365151	26.679071	0
1	55	26.664354	23.295511	23.345782	26.694353	0
1	56	26.524442	23.444015	23.4764	26.555143	0
1	57	26.672218	23.300663	23.321501	26.705618	0
1	58	26.805888	23.176866	23.197798	26.819448	0
1	59	26.743525	23.214723	23.236878	26.804874	0
1	60	26.759658	23.19879	23.23749	26.804042	0.00002
1	61	26.720947	23.251833	23.284675	26.742545	0
1	62	26.727353	23.239887	23.279529	26.753231	0
1	63	26.715305	23.245724	23.323626	26.715345	0
1	64	26.64212	23.331994	23.372934	26.652952	0
1	65	26.746696	23.24033	23.272387	26.740586	0
1	66	26.659666	23.296959	23.371981	26.671395	0
1	67	26.864241	23.098185	23.126934	26.910633	0.000007
1	68	26.873309	23.086873	23.149676	26.889901	0.000242
1	69	26.758436	23.211746	23.241568	26.78825	0
1	70	26.741722	23.204001	23.252725	26.801552	0
1	71	26.785475	23.165595	23.215499	26.83343	0
1	72	27.086011	22.895864	22.914101	27.104024	0
1	73	26.777042	23.189417	23.228952	26.804588	0
1	74	26.725052	23.243219	23.260385	26.771344	0
1	75	26.776422	23.187119	23.22206	26.814399	0
1	76	26.690889	23.271987	23.293751	26.743373	0
1	77	26.783688	23.185098	23.249842	26.781372	0
1	78	26.590635	23.386574	23.428	26.59479	0
1	79	26.806504	23.17803	23.188572	26.826895	0
1	80	26.808532	23.176489	23.216307	26.798673	0
1	81	26.852194	23.088288	23.174074	26.885424	0.000021
1	82	27.043937	22.940554	22.968597	27.046912	0
1	83	26.927427	23.038279	23.105893	26.928401	0
1	84	26.929133	23.045924	23.070937	26.954006	0
1	85	26.927531	23.038738	23.051687	26.982044	0
1	86	26.925719	23.026249	23.053152	26.994879	0
1	87	26.94968	23.029899	23.046307	26.974007	0.000106
1	88	26.672482	23.28238	23.326558	26.71858	0
1	89	26.964145	23.013139	23.072679	26.950036	0
1	90	26.988869	22.964465	23.04934	26.997326	0
1	91	27.019666	22.943029	22.971331	27.065974	0
1	92	26.67676	23.31112	23.329901	26.682125	0.000093
1	93	26.716869	23.22852	23.286735	26.767869	0.000007
1	94	26.831685	23.120972	23.156893	26.890449	0
1	95	26.777924	23.171469	23.204149	26.846457	0
1	96	26.871599	23.118954	23.105929	26.903518	0
1	97	26.844513	23.163438	23.173899	26.818149	0
1	98	26.606028	23.31951	23.398205	26.676257	0
1	99	26.516768	23.409383	23.453029	26.62082	0
1	100	26.608921	23.337195	23.378472	26.675412	0
1	101	26.791766	23.182965	23.23454	26.790729	0
1	102	26.773132	23.178307	23.227086	26.821476	0
1	103	26.817243	23.149994	23.199103	26.833659	0
1	104	26.798368	23.148832	23.200698	26.852101	0
1	105	26.793868	23.160814	23.228136	26.817086	0.000097
1	106	26.778268	23.17025	23.244844	26.806638	0
1	107	26.817403	23.127113	23.195891	26.859593	0
1	108	26.851983	23.098173	23.15622	26.893624	0
1	109	26.907637	23.050093	23.121919	26.920352	0
1	110	26.888778	23.064502	23.126753	26.919967	0
1	111	26.967825	22.983983	23.040765	27.007427	0
1	112	27.010084	22.974947	22.99375	27.021219	0
1	113	26.948434	23.014628	23.03071	27.006227	0
1	114	26.896405	23.083141	23.094313	26.926141	0
1	115	26.879602	23.121749	23.127973	26.870677	0
1	116	26.929796	23.059242	23.091037	26.919925	0
1	117	26.966294	23.013943	23.056972	26.962783	0.000008
1	118	26.972474	22.976189	23.04794	27.003328	0.000069
1	119	27.050651	22.936545	22.948319	27.064485	0
1	120	27.050391	22.934119	22.945827	27.069663	0
1	121	27.078046	22.887613	22.900473	27.133868	0
1	122	27.110425	22.883569	22.877845	27.128161	0
1	123	27.042887	22.923907	22.943748	27.089427	0.000031
1	124	27.031047	22.951648	22.984689	27.032616	0
1	125	26.979593	23.023887	23.016429	26.980091	0
1	126	26.918947	23.018737	23.085146	26.97717	0
1	127	27.003592	22.989508	23.010809	26.996091	0
1	128	27.006569	22.940711	22.989868	27.062853	0
1	129	27.055796	22.888321	22.943649	27.112233	0
1	130	27.166753	22.831683	22.837929	27.163634	0
1	131	27.155593	22.839774	22.844273	27.16036	0
1	132	27.167631	22.83448	22.820301	27.177588	0
1	133	27.087318	22.88922	22.888428	27.135035	0
1	134	27.053094	22.911911	22.935579	27.099415	0
1	135	26.985796	22.976072	22.983591	27.05454	0
1	136	26.93038	23.039459	23.048757	26.981405	0
1	137	26.949588	23.009624	23.059639	26.981149	0
1	138	26.971608	22.974712	23.006515	27.047021	0.000144
1	139	27.045989	22.899507	22.94297	27.111533	0
1	140	27.155592	22.821561	22.860575	27.162271	0
1	141	27.128966	22.820662	22.893911	27.156461	0
1	142	27.092939	22.889381	22.891733	27.125947	0
1	143	27.098278	22.864045	22.884255	27.153422	0
1	144	27.078588	22.895217	22.915766	27.110429	0
1	145	27.019996	22.941003	22.987663	27.051339	0
1	146	27.00731	22.9449	23.010087	27.037703	0
1	147	27.171984	22.803743	22.833644	27.190628	0
1	148	27.648428	22.313816	22.332278	27.705478	0
1	149	29.097067	20.852087	20.914197	29.136649	0
1	150	33.997557	15.954727	15.975666	34.072051	0
2	151	15.259424	34.692016	34.782856	15.26552	0.000185
2	152	27.06304	22.916872	22.962024	27.058058	0.000006
2	153	24.763691	25.217816	25.259963	24.758531	0
2	154	24.596924	25.333808	25.407998	24.661269	0
2	155	33.891212	16.079543	16.128482	33.900762	0
2	156	24.595539	25.344227	25.437665	24.62257	0
2	157	24.676237	25.292228	25.322977	24.708558	0
2	158	26.41662	23.573298	23.60462	26.405463	0
2	159	17.849635	32.103301	32.146064	17.901	0
2	160	29.857879	20.13279	20.154747	29.854584	0
2	161	21.392386	28.570876	28.619938	21.4168	0
2	162	26.972871	23.007718	23.042058	26.977353	0
2	163	21.984719	27.986116	28.033153	21.996012	0
2	164	23.185549	26.761316	26.813881	23.239254	0
2	165	25.2222	24.732756	24.807082	25.237963	0
2	166	26.009907	23.957241	24.008138	26.024715	0
2	167	26.718947	23.239839	23.25381	26.787405	0
2	168	26.824675	23.139769	23.153328	26.882228	0
2	169	26.660735	23.282916	23.345863	26.710487	0
2	170	26.60115	23.368306	23.404795	26.625749	0
2	171	26.286265	23.671455	23.729957	26.312323	0
2	172	26.589538	23.373687	23.411284	26.625436	0.000055
2	173	26.316617	23.629351	23.676062	26.377971	0
2	174	26.526537	23.431997	23.518888	26.522578	0
2	175	26.431967	23.566173	23.611131	26.390729	0
2	176	26.482116	23.456407	23.548097	26.51338	0
2	177	26.593457	23.372796	23.43189	26.601857	0
2	178	26.60665	23.326781	23.376601	26.689967	0
2	179	26.800441	23.161385	23.214582	26.823592	0
2	180	26.685015	23.286653	23.326107	26.702225	0
2	181	26.594154	23.351737	23.412871	26.641237	0
2	182	26.642429	23.304043	23.367566	26.685963	0
2	183	26.62244	23.329459	23.387711	26.660391	0
2	184	26.680843	23.271691	23.314906	26.732561	0
2	185	26.653704	23.312228	23.359401	26.674666	0
2	186	26.750936	23.199752	23.263102	26.78621	0
2	187	26.747827	23.229981	23.286399	26.735794	0
2	188	26.840557	23.133877	23.161489	26.864078	0
2	189	26.851704	23.116711	23.146988	26.88459	0.000006
2	190	26.831206	23.136232	23.17124	26.861322	0
2	191	26.747013	23.21169	23.248327	26.79297	0
2	192	26.713988	23.262169	23.295153	26.72869	0
2	193	26.572197	23.401596	23.414689	26.611512	0.000006
2	194	26.679036	23.280898	23.316963	26.723104	0
2	195	26.649426	23.331203	23.337923	26.681448	0
2	196	26.805907	23.173727	23.19803	26.822204	0.000133
2	197	26.923924	23.050249	23.077134	26.948693	0
2	198	26.876882	23.094872	23.109056	26.919191	0
2	199	26.945286	23.003446	23.052079	26.999189	0
2	200	26.874846	23.113583	23.133863	26.877707	0
2	201	26.842857	23.121627	23.183153	26.852363	0
2	202	26.822464	23.159149	23.165415	26.852249	0.000725
2	203	26.781271	23.193929	23.237004	26.787796	0
2	204	26.825239	23.148844	23.181158	26.84476	0
2	205	26.83852	23.129329	23.150393	26.881758	0
2	206	26.757904	23.224598	23.262846	26.754653	0
2	207	26.941031	23.047647	23.073726	26.937596	0
2	208	26.952751	23.018692	23.037998	26.990559	0
2	209	26.887183	23.067273	23.096518	26.949	0.000026
2	210	26.921512	23.051942	23.083133	26.943413	0
2	211	26.895147	23.051758	23.116067	26.937029	0
2	212	26.919136	23.061148	23.097758	26.921821	0.000139
2	213	26.922907	23.040556	23.115497	26.92104	0
2	214	26.844132	23.138113	23.147369	26.869636	0.00075
2	215	26.929661	23.035511	23.079981	26.954801	0.000047
2	216	26.817694	23.134117	23.163174	26.884588	0.000428
2	217	27.04161	22.922628	22.947294	27.088469	0
2	218	27.02471	22.912719	22.985599	27.07675	0.000222
2	219	26.912366	23.05195	23.087614	26.94807	0
2	220	26.919645	23.085906	23.11	26.884449	0
2	221	26.902869	23.036305	23.106358	26.954467	0
2	222	27.006809	22.936418	22.999324	27.057449	0
2	223	26.917196	23.045014	23.087163	26.950626	0
2	224	26.933424	23.026124	23.054175	26.986276	0
2	225	26.867259	23.081208	23.121438	26.930095	0
2	226	26.914301	23.061137	23.07288	26.951655	0.000027
2	227	27.068084	22.927199	22.968542	27.036175	0
2	228	27.067073	22.906223	22.922954	27.10375	0
2	229	27.061021	22.89703	22.940624	27.101324	0
2	230	27.020516	22.957242	22.992169	27.030073	0
2	231	27.033084	22.921779	22.98357	27.061567	0
2	232	27.08691	22.877263	22.958678	27.077149	0
2	233	27.055283	22.929613	22.955353	27.059752	0
2	234	27.124143	22.841527	22.897474	27.136856	0
2	235	27.071097	22.901914	22.926992	27.099997	0
2	236	27.105048	22.840349	22.871529	27.18306	0.000014
2	237	27.089691	22.896678	22.919968	27.093664	0
2	238	27.086771	22.878226	22.904319	27.130335	0.000349
2	239	27.081197	22.866754	22.922457	27.129592	0
2	240	27.189832	22.809357	22.816439	27.184372	0
2	241	27.12987	22.852092	22.870378	27.147661	0
2	242	27.125929	22.852931	22.903302	27.116955	0.000883
2	243	27.014548	22.950729	22.987104	27.047511	0.000108
2	244	27.124119	22.848469	22.888623	27.13811	0.000679
2	245	27.042399	22.914144	22.950585	27.092872	0
2	246	27.124049	22.849561	22.862938	27.163452	0
2	247	27.026296	22.941683	23.000911	27.03111	0
2	248	27.063645	22.899715	22.95474	27.081899	0
2	249	27.115611	22.845376	22.896319	27.142693	0
2	250	27.050776	22.916661	22.959993	27.07257	0
2	251	27.12968	22.818414	22.865376	27.18653	0
2	252	27.091271	22.866731	22.93266	27.109338	0
2	253	27.107402	22.884681	22.893307	27.11461	0
2	254	27.088338	22.865438	22.911851	27.134374	0
2	255	27.083172	22.900575	22.924721	27.091533	0
2	256	27.046855	22.899595	22.93398	27.11957	0
2	257	27.109755	22.874249	22.900507	27.115481	0.000007
2	258	27.108391	22.865027	22.898563	27.128019	0
2	259	27.166274	22.805141	22.826744	27.201841	0
2	260	27.14606	22.799759	22.865532	27.188633	0.000015
2	261	27.204154	22.748751	22.78005	27.267046	0
2	262	27.256514	22.71504	22.748413	27.280032	0
2	263	27.212938	22.740383	22.769653	27.277026	0
2	264	27.162031	22.81443	22.826858	27.196681	0
2	265	27.129934	22.871869	22.8623	27.135525	0.000373
2	266	27.17751	22.787144	22.832511	27.202836	0
2	267	27.209639	22.753291	22.77252	27.26455	0
2	268	27.261426	22.701974	22.756855	27.279746	0
2	269	27.303733	22.675998	22.700753	27.319476	0.000038
2	270	27.301077	22.656676	22.695877	27.344699	0.001671
2	271	27.319797	22.647497	22.671642	27.361049	0.000015
2	272	27.335381	22.660108	22.64476	27.359752	0
2	273	27.310132	22.663448	22.688985	27.337435	0
2	274	27.292481	22.690988	22.71547	27.301061	0
2	275	27.246361	22.749763	22.750363	27.253513	0
2	276	27.202486	22.747435	22.785808	27.26427	0
2	277	27.287234	22.707757	22.734485	27.270524	0
2	278	27.307596	22.652074	22.711711	27.328619	0
2	279	27.331721	22.64489	22.68371	27.339679	0
2	280	27.417386	22.562532	22.593137	27.426945	0
2	281	27.442004	22.530828	22.592012	27.435156	0
2	282	27.453208	22.551685	22.580224	27.414883	0
2	283	27.343931	22.632017	22.668818	27.355234	0
2	284	27.292616	22.657888	22.706233	27.343247	0.000016
2	285	27.262942	22.710119	22.701648	27.325292	0
2	286	27.205653	22.783661	22.764156	27.246513	0.000016
2	287	27.235672	22.765215	22.784309	27.214724	0.00008
2	288	27.29209	22.675775	22.709536	27.322303	0.000296
2	289	27.366247	22.614611	22.642221	27.376921	0
2	290	27.434247	22.551008	22.576967	27.437779	0
2	291	27.415621	22.560935	22.577236	27.446208	0
2	292	27.41584	22.560954	22.601387	27.419662	0.002157
2	293	27.355525	22.608437	22.636173	27.399857	0.000008
2	294	27.362113	22.600114	22.655587	27.382178	0.000008
2	295	27.332336	22.623174	22.700846	27.343645	0
2	296	27.293401	22.671323	22.698189	27.337086	0
2	297	27.456018	22.529864	22.537747	27.476371	0
2	298	27.899593	22.040714	22.102209	27.957484	0
2	299	29.3079	20.67943	20.67699	29.33568	0
2	300	34.945588	15.022181	15.052202	34.980029	0


