## htsjdk.samtools.metrics.StringHeader
# CollectMultipleMetrics INPUT=C4_R2.mLb.clN.sorted.bam OUTPUT=C4_R2.mLb.clN.CollectMultipleMetrics TMP_DIR=[tmp] VALIDATION_STRINGENCY=LENIENT REFERENCE_SEQUENCE=genome.fa    ASSUME_SORTED=true STOP_AFTER=0 METRIC_ACCUMULATION_LEVEL=[ALL_READS] PROGRAM=[CollectAlignmentSummaryMetrics, CollectBaseDistributionByCycle, CollectInsertSizeMetrics, MeanQualityByCycle, QualityScoreDistribution] INCLUDE_UNPAIRED=false VERBOSITY=INFO QUIET=false COMPRESSION_LEVEL=5 MAX_RECORDS_IN_RAM=500000 CREATE_INDEX=false CREATE_MD5_FILE=false GA4GH_CLIENT_SECRETS=client_secrets.json USE_JDK_DEFLATER=false USE_JDK_INFLATER=false
## htsjdk.samtools.metrics.StringHeader
# Started on: Fri Feb 25 08:54:18 UTC 2022

## METRICS CLASS	picard.analysis.BaseDistributionByCycleMetrics
READ_END	CYCLE	PCT_A	PCT_C	PCT_G	PCT_T	PCT_N
1	1	15.516559	34.417237	34.465825	15.552803	0.047576
1	2	26.581151	23.397727	23.448735	26.571649	0.000738
1	3	24.472157	25.478424	25.538406	24.503422	0.007592
1	4	24.205236	25.731558	25.821926	24.24123	0.00005
1	5	33.343585	16.606881	16.655255	33.39398	0.000299
1	6	24.342333	25.586765	25.683014	24.387879	0.00001
1	7	24.504808	25.4739	25.498187	24.523104	0
1	8	26.259557	23.728045	23.760223	26.252175	0
1	9	17.934314	32.032099	32.075809	17.957778	0
1	10	29.576635	20.413007	20.430804	29.579553	0
1	11	21.295212	28.693537	28.708531	21.302375	0.000344
1	12	26.877112	23.141611	23.141177	26.8401	0
1	13	21.893613	28.080048	28.115872	21.910467	0
1	14	23.068681	26.880673	26.934878	23.115768	0
1	15	25.16758	24.806984	24.845008	25.180429	0
1	16	25.930231	24.040127	24.090432	25.93921	0
1	17	26.66308	23.330823	23.320797	26.684603	0.000698
1	18	26.793926	23.180857	23.192494	26.832723	0
1	19	26.61275	23.332139	23.374218	26.680892	0
1	20	26.570821	23.387307	23.433866	26.608007	0
1	21	26.246233	23.708675	23.773719	26.271373	0
1	22	26.534601	23.437837	23.472171	26.555092	0.000299
1	23	26.258998	23.708128	23.742187	26.290688	0
1	24	26.440573	23.512183	23.587077	26.460157	0.00001
1	25	26.356946	23.614688	23.659653	26.368713	0
1	26	26.436544	23.506268	23.571991	26.485177	0.00002
1	27	26.585441	23.409186	23.412728	26.592645	0
1	28	26.596223	23.360263	23.39829	26.645224	0
1	29	26.79311	23.164023	23.22201	26.820568	0.00029
1	30	26.681602	23.281805	23.30181	26.734778	0.000005
1	31	26.602834	23.346802	23.373149	26.677215	0
1	32	26.637592	23.309408	23.34538	26.707619	0
1	33	26.637822	23.326094	23.359243	26.676841	0
1	34	26.677087	23.280635	23.340662	26.701615	0
1	35	26.599585	23.36	23.400752	26.639663	0
1	36	26.717443	23.231651	23.29251	26.758396	0
1	37	26.658874	23.312704	23.349235	26.679187	0
1	38	26.784327	23.174442	23.227223	26.814008	0
1	39	26.818081	23.130131	23.187576	26.864212	0
1	40	26.799958	23.162381	23.190362	26.847298	0
1	41	26.720286	23.231314	23.293675	26.754725	0
1	42	26.692614	23.276001	23.315482	26.714668	0.001236
1	43	26.565689	23.414427	23.421186	26.598698	0
1	44	26.635585	23.310392	23.382204	26.671819	0
1	45	26.588741	23.397237	23.402201	26.611816	0.000005
1	46	26.703605	23.273741	23.302438	26.720215	0
1	47	26.82133	23.159586	23.171574	26.847499	0.00001
1	48	26.810732	23.166399	23.188349	26.83452	0
1	49	26.862837	23.095009	23.149983	26.892171	0
1	50	26.801138	23.185052	23.190687	26.823123	0
1	51	26.762509	23.195002	23.246927	26.795563	0
1	52	26.737117	23.250782	23.279034	26.733068	0
1	53	26.710469	23.265143	23.304423	26.719964	0
1	54	26.760958	23.218441	23.249542	26.771059	0
1	55	26.781458	23.18032	23.234762	26.80346	0
1	56	26.634727	23.344398	23.386437	26.634438	0
1	57	26.796337	23.181286	23.224728	26.797648	0
1	58	26.868713	23.105002	23.115505	26.91078	0
1	59	26.861883	23.099706	23.152755	26.885656	0
1	60	26.855093	23.114259	23.148435	26.882207	0.000005
1	61	26.835304	23.134765	23.180819	26.849112	0
1	62	26.861605	23.127376	23.157871	26.853148	0
1	63	26.84767	23.120414	23.163018	26.868898	0
1	64	26.761989	23.210522	23.266899	26.76059	0
1	65	26.833333	23.125252	23.165597	26.875818	0
1	66	26.720493	23.243244	23.276616	26.759647	0
1	67	26.943098	23.024369	23.05289	26.979636	0.000006
1	68	26.946566	23.028074	23.060099	26.965032	0.000229
1	69	26.827313	23.118628	23.18608	26.867979	0
1	70	26.855985	23.116292	23.141564	26.886159	0
1	71	26.853182	23.093794	23.17473	26.878293	0
1	72	27.187551	22.770278	22.812264	27.229907	0
1	73	26.881819	23.100794	23.13097	26.886418	0
1	74	26.836473	23.13292	23.145253	26.885354	0
1	75	26.869804	23.074908	23.14808	26.907208	0
1	76	26.803116	23.161317	23.19429	26.841277	0
1	77	26.889849	23.106376	23.125456	26.878319	0
1	78	26.685129	23.28607	23.325879	26.702922	0
1	79	26.871083	23.076753	23.120066	26.932097	0
1	80	26.88832	23.091194	23.108836	26.911651	0
1	81	26.898441	23.03399	23.099474	26.968071	0.000024
1	82	27.137679	22.839033	22.876088	27.1472	0
1	83	26.970781	22.988162	23.020782	27.020274	0
1	84	27.000366	22.974289	22.988876	27.036469	0
1	85	27.022992	22.963372	22.997207	27.016429	0
1	86	27.017094	22.935878	22.974383	27.072645	0
1	87	27.060242	22.927106	22.94322	27.069324	0.000108
1	88	26.785819	23.183324	23.217768	26.813089	0
1	89	27.023156	22.941894	22.980751	27.0542	0
1	90	27.067161	22.885347	22.958909	27.088583	0
1	91	27.082873	22.858625	22.908638	27.149864	0
1	92	26.791394	23.183817	23.229238	26.795521	0.000031
1	93	26.815438	23.165227	23.187193	26.832136	0.000006
1	94	26.947816	23.004227	23.0443	27.003656	0
1	95	26.877542	23.095201	23.112853	26.914404	0
1	96	26.965694	23.003849	23.022885	27.007572	0
1	97	26.929302	23.058222	23.067075	26.945401	0
1	98	26.72991	23.23613	23.265026	26.768934	0
1	99	26.679023	23.261978	23.326837	26.732163	0
1	100	26.717894	23.21398	23.290768	26.777358	0
1	101	26.896067	23.063473	23.107191	26.933269	0
1	102	26.868781	23.096375	23.110627	26.924218	0
1	103	26.934377	23.070479	23.058106	26.937038	0
1	104	26.900978	23.043003	23.091836	26.964183	0
1	105	26.890313	23.068062	23.098975	26.942535	0.000116
1	106	26.859385	23.086984	23.134037	26.919595	0
1	107	26.923549	23.048837	23.081947	26.945667	0
1	108	26.959541	23.006968	23.045445	26.988046	0
1	109	26.988322	22.95896	22.999017	27.053701	0
1	110	26.974936	22.977686	23.027767	27.019612	0
1	111	27.05778	22.895828	22.924642	27.12175	0
1	112	27.102198	22.885566	22.901285	27.110951	0
1	113	27.059317	22.897712	22.923895	27.119075	0
1	114	27.023315	22.946272	22.95475	27.075662	0
1	115	26.973923	23.014759	23.044539	26.966779	0
1	116	27.035494	22.939033	22.994831	27.030642	0
1	117	27.03228	22.950829	22.996515	27.020343	0.000033
1	118	27.05028	22.897649	22.958293	27.093724	0.000054
1	119	27.115321	22.866205	22.91403	27.104443	0
1	120	27.107773	22.836372	22.896453	27.159403	0
1	121	27.138795	22.811791	22.852274	27.19714	0
1	122	27.186252	22.813949	22.818558	27.181242	0
1	123	27.163355	22.811038	22.855431	27.170128	0.000048
1	124	27.092986	22.878507	22.898251	27.130255	0
1	125	27.075785	22.915394	22.947004	27.061818	0
1	126	27.026446	22.908578	22.985558	27.079418	0
1	127	27.108104	22.900437	22.923486	27.067974	0
1	128	27.123675	22.85293	22.896293	27.127102	0
1	129	27.132999	22.832902	22.880267	27.153831	0
1	130	27.210827	22.756582	22.809253	27.223338	0
1	131	27.213085	22.782296	22.795818	27.2088	0
1	132	27.248238	22.76276	22.758153	27.230849	0
1	133	27.159153	22.807582	22.85125	27.182015	0
1	134	27.116467	22.836714	22.874612	27.172208	0
1	135	27.101967	22.871383	22.919305	27.107345	0
1	136	26.988304	22.987885	22.974382	27.049429	0
1	137	27.023144	22.973406	22.974739	27.028712	0
1	138	27.03712	22.924564	22.939855	27.098283	0.000179
1	139	27.114881	22.833518	22.866507	27.185094	0
1	140	27.185216	22.801752	22.795555	27.217476	0
1	141	27.175508	22.808313	22.844367	27.171812	0
1	142	27.181358	22.804606	22.82984	27.184196	0
1	143	27.15202	22.814641	22.849705	27.183634	0
1	144	27.128977	22.840998	22.877959	27.152066	0
1	145	27.080757	22.870657	22.938758	27.109827	0
1	146	27.05617	22.893938	22.946399	27.103492	0
1	147	27.221226	22.759566	22.76336	27.255848	0
1	148	27.707718	22.250819	22.301858	27.739606	0
1	149	29.105105	20.834805	20.869725	29.190364	0
1	150	34.096235	15.857775	15.880724	34.165265	0
2	151	15.019182	34.947471	34.983524	15.049579	0.000244
2	152	26.914203	23.069953	23.102704	26.91313	0.00001
2	153	24.742543	25.246066	25.2843	24.72709	0
2	154	24.665593	25.270034	25.350077	24.714296	0
2	155	33.540853	16.414148	16.441547	33.603452	0
2	156	24.50826	25.423272	25.492401	24.576067	0
2	157	24.678776	25.293173	25.348152	24.679899	0
2	158	26.336931	23.655345	23.682774	26.32495	0
2	159	18.105538	31.847796	31.903323	18.143343	0
2	160	29.670625	20.31571	20.336076	29.677588	0
2	161	21.478508	28.503423	28.546096	21.471973	0
2	162	26.986559	23.01255	23.030443	26.970448	0
2	163	22.106582	27.866824	27.909417	22.117177	0
2	164	23.29029	26.675176	26.71096	23.323575	0
2	165	25.283721	24.681924	24.723419	25.310936	0
2	166	26.056209	23.898721	23.968459	26.07661	0
2	167	26.760361	23.193646	23.231665	26.814327	0
2	168	26.951388	23.018805	23.033236	26.99657	0
2	169	26.782693	23.182683	23.214856	26.819769	0
2	170	26.736159	23.23185	23.281625	26.750365	0
2	171	26.40854	23.545298	23.612782	26.43338	0
2	172	26.716473	23.235908	23.297552	26.749973	0.000095
2	173	26.455636	23.508209	23.570921	26.465234	0
2	174	26.621115	23.340306	23.386357	26.652222	0
2	175	26.50035	23.476294	23.528976	26.494379	0
2	176	26.576833	23.355052	23.441686	26.626428	0
2	177	26.687674	23.300376	23.290846	26.721103	0
2	178	26.741441	23.199857	23.292104	26.766598	0
2	179	26.924313	23.038935	23.094669	26.942083	0
2	180	26.825138	23.143859	23.194792	26.836211	0
2	181	26.748342	23.194912	23.241551	26.815195	0
2	182	26.799461	23.143092	23.201523	26.855924	0
2	183	26.775197	23.194139	23.23412	26.796544	0
2	184	26.819842	23.131673	23.200547	26.847937	0
2	185	26.75711	23.223452	23.272202	26.747235	0
2	186	26.829272	23.121405	23.179967	26.869356	0
2	187	26.791754	23.172835	23.218056	26.817355	0
2	188	26.896989	23.068031	23.112481	26.922499	0
2	189	26.934187	23.029502	23.085769	26.950527	0.000015
2	190	26.905371	23.058869	23.081485	26.954265	0.00001
2	191	26.82747	23.128001	23.157596	26.886933	0
2	192	26.814243	23.142019	23.199414	26.844323	0
2	193	26.680073	23.276591	23.327135	26.716196	0.000005
2	194	26.806889	23.164418	23.216866	26.811826	0
2	195	26.735555	23.25243	23.247636	26.764378	0
2	196	26.854872	23.124927	23.165262	26.854753	0.000186
2	197	26.990976	22.996474	23.030311	26.982238	0
2	198	26.930454	23.076371	23.071217	26.921958	0
2	199	26.993411	22.96435	23.017686	27.024553	0
2	200	26.918732	23.049836	23.111666	26.919766	0
2	201	26.892201	23.062706	23.124501	26.920591	0
2	202	26.89014	23.081315	23.113121	26.91476	0.000663
2	203	26.829065	23.136179	23.170226	26.864524	0.000005
2	204	26.885072	23.075141	23.125351	26.914435	0
2	205	26.885474	23.073696	23.116848	26.923983	0
2	206	26.785545	23.183059	23.221525	26.809871	0
2	207	26.959491	23.048136	23.053237	26.939136	0
2	208	26.990154	22.993026	23.010714	27.006107	0
2	209	26.950454	23.003196	23.049589	26.996734	0.000027
2	210	26.959631	22.997041	23.030069	27.01326	0
2	211	26.953961	23.016448	23.05076	26.978832	0
2	212	26.978424	23.018416	23.025183	26.977791	0.000186
2	213	26.956834	23.004919	23.056237	26.98201	0
2	214	26.907846	23.070831	23.112095	26.908606	0.000622
2	215	26.977505	22.996935	23.030158	26.995375	0.000028
2	216	26.865661	23.107565	23.152719	26.873572	0.000483
2	217	27.060426	22.896119	22.94313	27.10032	0.000006
2	218	27.063262	22.898156	22.963333	27.074992	0.000257
2	219	26.902798	23.044009	23.049763	27.003424	0.000006
2	220	26.944765	23.047934	23.049979	26.957322	0
2	221	26.937601	23.00613	23.07503	26.981233	0.000006
2	222	27.085203	22.877514	22.941339	27.095944	0
2	223	26.958144	22.988769	23.057051	26.996036	0
2	224	26.990301	22.99152	23.001246	27.016927	0.000006
2	225	26.908667	23.054139	23.078342	26.958853	0
2	226	26.947746	22.992835	23.046249	27.013153	0.000017
2	227	27.094412	22.879358	22.944792	27.081438	0
2	228	27.089223	22.866887	22.918888	27.125002	0
2	229	27.054368	22.878687	22.935409	27.131535	0
2	230	27.033744	22.927042	22.984783	27.054431	0
2	231	27.055024	22.895577	22.973508	27.075891	0
2	232	27.130276	22.85543	22.884331	27.129963	0
2	233	27.09829	22.860365	22.937403	27.103942	0
2	234	27.132638	22.830967	22.874073	27.162322	0
2	235	27.101555	22.879726	22.900584	27.118135	0
2	236	27.120374	22.826427	22.869822	27.183372	0.000006
2	237	27.125142	22.874177	22.878105	27.122576	0
2	238	27.120735	22.859109	22.863022	27.156722	0.000411
2	239	27.127674	22.818884	22.879775	27.173667	0
2	240	27.209247	22.76767	22.784865	27.238219	0
2	241	27.149035	22.800567	22.856594	27.193804	0
2	242	27.192519	22.815285	22.806653	27.184715	0.000828
2	243	27.053289	22.920959	22.942666	27.082988	0.000098
2	244	27.15873	22.804275	22.825727	27.21057	0.000698
2	245	27.089811	22.872395	22.902134	27.13566	0
2	246	27.185203	22.808525	22.809241	27.197031	0
2	247	27.074995	22.908846	22.941845	27.074314	0
2	248	27.11504	22.870313	22.900612	27.11403	0.000006
2	249	27.143259	22.812234	22.859964	27.184543	0
2	250	27.11252	22.846546	22.908462	27.132472	0
2	251	27.194675	22.772009	22.845086	27.18823	0
2	252	27.111489	22.837801	22.888944	27.161766	0
2	253	27.122308	22.861712	22.873514	27.142448	0.000019
2	254	27.137204	22.821631	22.881604	27.159561	0
2	255	27.109868	22.845806	22.888921	27.155405	0
2	256	27.083547	22.857314	22.904903	27.154236	0
2	257	27.115641	22.837608	22.889008	27.157723	0.000019
2	258	27.132249	22.820472	22.867933	27.179346	0
2	259	27.191619	22.745586	22.791064	27.271731	0
2	260	27.178282	22.784705	22.81387	27.22313	0.000013
2	261	27.234205	22.732778	22.743122	27.289894	0
2	262	27.298851	22.681184	22.705827	27.314139	0
2	263	27.265148	22.699248	22.742141	27.293463	0
2	264	27.21964	22.7368	22.767994	27.275526	0.00004
2	265	27.201982	22.784659	22.828043	27.184872	0.000446
2	266	27.210525	22.745287	22.78803	27.256158	0
2	267	27.256147	22.727957	22.769165	27.246731	0
2	268	27.286578	22.675295	22.732927	27.3052	0
2	269	27.334455	22.669466	22.694104	27.301908	0.000067
2	270	27.321512	22.636709	22.681508	27.358823	0.001448
2	271	27.342702	22.622336	22.657916	27.377047	0
2	272	27.364274	22.630146	22.637713	27.367867	0
2	273	27.361478	22.631092	22.632525	27.374904	0
2	274	27.32143	22.644741	22.682384	27.351445	0
2	275	27.282547	22.708218	22.722704	27.286531	0
2	276	27.248758	22.695769	22.73061	27.324863	0
2	277	27.330383	22.669863	22.681007	27.318747	0
2	278	27.327065	22.6543	22.685222	27.333412	0
2	279	27.339403	22.626393	22.666049	27.368155	0
2	280	27.42002	22.573335	22.577956	27.428689	0
2	281	27.416095	22.575452	22.587283	27.42117	0
2	282	27.427027	22.550677	22.553612	27.468683	0
2	283	27.342911	22.624205	22.632141	27.400742	0
2	284	27.312898	22.626652	22.683585	27.376858	0.000007
2	285	27.304333	22.675126	22.701383	27.319158	0
2	286	27.222911	22.749483	22.753178	27.274414	0.000014
2	287	27.249088	22.718878	22.773937	27.257976	0.000121
2	288	27.308074	22.68069	22.691715	27.319321	0.0002
2	289	27.334963	22.61807	22.659342	27.387625	0
2	290	27.398044	22.578873	22.574621	27.448447	0.000014
2	291	27.39926	22.543911	22.595016	27.461813	0
2	292	27.401877	22.576556	22.594601	27.424772	0.002193
2	293	27.378021	22.597719	22.615332	27.408869	0.000058
2	294	27.368054	22.614103	22.628953	27.388882	0.000007
2	295	27.336887	22.623875	22.654192	27.385045	0
2	296	27.331025	22.635131	22.674123	27.359721	0
2	297	27.472999	22.520199	22.530368	27.476435	0
2	298	27.892224	22.05279	22.098003	27.956983	0
2	299	29.271393	20.654707	20.734184	29.339716	0
2	300	34.9148	15.033973	15.056297	34.99493	0


