## htsjdk.samtools.metrics.StringHeader
# CollectMultipleMetrics INPUT=C4_R1.mLb.clN.sorted.bam OUTPUT=C4_R1.mLb.clN.CollectMultipleMetrics TMP_DIR=[tmp] VALIDATION_STRINGENCY=LENIENT REFERENCE_SEQUENCE=genome.fa    ASSUME_SORTED=true STOP_AFTER=0 METRIC_ACCUMULATION_LEVEL=[ALL_READS] PROGRAM=[CollectAlignmentSummaryMetrics, CollectBaseDistributionByCycle, CollectInsertSizeMetrics, MeanQualityByCycle, QualityScoreDistribution] INCLUDE_UNPAIRED=false VERBOSITY=INFO QUIET=false COMPRESSION_LEVEL=5 MAX_RECORDS_IN_RAM=500000 CREATE_INDEX=false CREATE_MD5_FILE=false GA4GH_CLIENT_SECRETS=client_secrets.json USE_JDK_DEFLATER=false USE_JDK_INFLATER=false
## htsjdk.samtools.metrics.StringHeader
# Started on: Fri Feb 25 08:37:41 UTC 2022

## METRICS CLASS	picard.analysis.BaseDistributionByCycleMetrics
READ_END	CYCLE	PCT_A	PCT_C	PCT_G	PCT_T	PCT_N
1	1	15.699619	34.207412	34.306347	15.723452	0.063169
1	2	27.444134	22.56289	22.576456	27.416315	0.000205
1	3	25.067587	24.923736	24.961853	25.036446	0.010378
1	4	24.925563	25.004054	25.085876	24.984325	0.000182
1	5	34.178023	15.742432	15.807902	34.270266	0.001377
1	6	25.009381	24.897899	25.035791	25.056929	0
1	7	25.127288	24.846145	24.915754	25.110814	0
1	8	26.888247	23.114002	23.130646	26.867105	0
1	9	18.349504	31.588186	31.671784	18.390526	0
1	10	30.09325	19.898042	19.911627	30.097081	0
1	11	21.827857	28.128486	28.191501	21.852148	0.000008
1	12	27.35356	22.648574	22.666307	27.331558	0
1	13	22.324465	27.648826	27.712339	22.314371	0
1	14	23.466956	26.496268	26.542952	23.493823	0
1	15	25.589495	24.33459	24.442869	25.633046	0
1	16	26.358778	23.570882	23.644785	26.425554	0
1	17	27.098669	22.867136	22.886779	27.146765	0.000651
1	18	27.239576	22.723439	22.749573	27.287412	0
1	19	26.987525	22.957568	23.013366	27.04154	0
1	20	26.871608	23.086014	23.135191	26.907188	0
1	21	26.527623	23.417219	23.505019	26.550139	0
1	22	26.91285	23.07227	23.10954	26.905037	0.000304
1	23	26.647772	23.324028	23.386895	26.641305	0
1	24	26.873381	23.07782	23.171847	26.876846	0.000107
1	25	26.796556	23.179621	23.224366	26.799457	0
1	26	26.907281	23.057223	23.13574	26.899752	0.000004
1	27	27.049473	22.935131	22.971748	27.043648	0
1	28	27.010931	22.944028	22.991805	27.053237	0
1	29	27.158777	22.774329	22.826863	27.239703	0.000328
1	30	27.056815	22.905893	22.945524	27.091763	0.000004
1	31	26.96148	22.963883	23.027054	27.04758	0.000004
1	32	27.02879	22.899356	22.989238	27.082604	0.000012
1	33	27.014885	22.941157	22.989677	27.054281	0
1	34	27.072413	22.884793	22.946332	27.096461	0
1	35	27.023633	22.92878	22.993026	27.05456	0
1	36	27.17683	22.76837	22.865359	27.189441	0
1	37	27.10987	22.850659	22.908322	27.131148	0
1	38	27.230345	22.712711	22.770477	27.286467	0
1	39	27.27341	22.700132	22.741007	27.285451	0
1	40	27.193866	22.749725	22.794691	27.261717	0
1	41	27.116965	22.838927	22.896995	27.147113	0
1	42	27.100372	22.864544	22.913222	27.119667	0.002195
1	43	26.952745	23.009607	23.071633	26.966014	0
1	44	27.082786	22.878626	22.949916	27.088664	0.000008
1	45	27.024781	22.95876	22.967579	27.04888	0
1	46	27.176996	22.791613	22.83333	27.198061	0
1	47	27.312086	22.678132	22.702765	27.307017	0
1	48	27.264443	22.704179	22.747058	27.284321	0
1	49	27.309064	22.640238	22.70059	27.350108	0
1	50	27.204278	22.744845	22.810539	27.240338	0
1	51	27.172071	22.768935	22.864695	27.1943	0
1	52	27.171401	22.799862	22.849224	27.179484	0.000029
1	53	27.117221	22.843797	22.925422	27.11356	0
1	54	27.186653	22.769713	22.842329	27.201305	0
1	55	27.20609	22.737728	22.819898	27.236284	0
1	56	27.07568	22.848327	22.957622	27.118371	0
1	57	27.270482	22.715192	22.750249	27.264077	0
1	58	27.326147	22.627922	22.689387	27.356544	0
1	59	27.279571	22.678894	22.72224	27.319295	0
1	60	27.282741	22.670646	22.722474	27.324139	0
1	61	27.250604	22.705614	22.770936	27.272847	0
1	62	27.27313	22.687442	22.755041	27.284388	0
1	63	27.255704	22.703203	22.757668	27.283425	0
1	64	27.168943	22.796774	22.850669	27.183615	0
1	65	27.272585	22.690018	22.748549	27.288848	0
1	66	27.160197	22.803063	22.87208	27.16466	0
1	67	27.37334	22.595926	22.633094	27.397632	0.000009
1	68	27.382028	22.574383	22.638411	27.404864	0.000313
1	69	27.271492	22.695787	22.735905	27.296816	0
1	70	27.277828	22.698568	22.749796	27.273808	0
1	71	27.258764	22.674386	22.753693	27.313156	0
1	72	27.534773	22.436214	22.47975	27.549263	0
1	73	27.274982	22.677227	22.714966	27.332825	0
1	74	27.274783	22.674192	22.739175	27.31185	0
1	75	27.259419	22.68437	22.743146	27.313065	0
1	76	27.247525	22.666978	22.767811	27.317686	0
1	77	27.398557	22.587872	22.637056	27.376515	0
1	78	27.296928	22.666974	22.721764	27.314334	0
1	79	27.347023	22.594188	22.640997	27.417791	0
1	80	27.329245	22.629922	22.701312	27.33952	0
1	81	27.313404	22.593893	22.695911	27.396787	0.000005
1	82	27.532294	22.447166	22.48272	27.53782	0
1	83	27.432462	22.515736	22.581147	27.470654	0
1	84	27.427582	22.528416	22.59495	27.449052	0
1	85	27.417668	22.56775	22.606061	27.408521	0
1	86	27.457507	22.478805	22.537049	27.526638	0
1	87	27.476139	22.521612	22.537621	27.464628	0
1	88	27.3198	22.645622	22.687533	27.347045	0
1	89	27.418114	22.513638	22.594182	27.474066	0
1	90	27.495374	22.47104	22.517749	27.515837	0
1	91	27.460765	22.459592	22.542292	27.537351	0
1	92	27.353261	22.650477	22.66156	27.334692	0.00001
1	93	27.319641	22.631781	22.702047	27.346443	0.000087
1	94	27.449094	22.520517	22.565498	27.464891	0
1	95	27.366576	22.588884	22.6447	27.39984	0
1	96	27.480463	22.495806	22.533411	27.49032	0
1	97	27.386732	22.599348	22.615864	27.398056	0
1	98	27.313267	22.627179	22.72066	27.338895	0
1	99	27.30921	22.619216	22.720818	27.350756	0
1	100	27.319358	22.628927	22.696495	27.35522	0
1	101	27.43919	22.503186	22.583855	27.47377	0
1	102	27.414137	22.541073	22.599523	27.445267	0
1	103	27.431732	22.529653	22.5978	27.440815	0
1	104	27.435148	22.510867	22.583883	27.470102	0
1	105	27.428767	22.545491	22.584053	27.441688	0
1	106	27.415147	22.550494	22.575989	27.45837	0
1	107	27.456938	22.507339	22.559669	27.476054	0
1	108	27.441822	22.492964	22.564661	27.500552	0
1	109	27.515876	22.425195	22.501048	27.557881	0
1	110	27.454444	22.489912	22.5579	27.497744	0
1	111	27.520018	22.422173	22.478714	27.579095	0
1	112	27.580547	22.379868	22.433229	27.606356	0
1	113	27.597938	22.384795	22.405336	27.61193	0
1	114	27.543142	22.415175	22.461079	27.580604	0
1	115	27.489506	22.4915	22.519264	27.49973	0
1	116	27.532961	22.434691	22.490186	27.542162	0
1	117	27.551473	22.41342	22.467971	27.56713	0.000005
1	118	27.568149	22.385404	22.443656	27.602791	0
1	119	27.616937	22.353823	22.409468	27.619771	0
1	120	27.629945	22.337235	22.387441	27.64538	0
1	121	27.621535	22.306786	22.366588	27.705091	0
1	122	27.665847	22.309657	22.361198	27.663297	0
1	123	27.644892	22.32687	22.376593	27.651629	0.000016
1	124	27.611124	22.350431	22.40503	27.633415	0
1	125	27.601592	22.37164	22.407073	27.619695	0
1	126	27.579178	22.377397	22.423715	27.61971	0
1	127	27.654723	22.315306	22.390046	27.639926	0
1	128	27.657088	22.311566	22.39006	27.64128	0.000005
1	129	27.648024	22.304294	22.389901	27.657781	0
1	130	27.726354	22.244567	22.298839	27.73024	0
1	131	27.720111	22.255569	22.27812	27.746201	0
1	132	27.75221	22.255848	22.264102	27.72784	0
1	133	27.650462	22.316518	22.35834	27.674636	0.000044
1	134	27.612398	22.336716	22.395376	27.65551	0
1	135	27.606431	22.356264	22.39462	27.642685	0
1	136	27.531421	22.422376	22.445523	27.60068	0
1	137	27.567245	22.434003	22.459486	27.539265	0
1	138	27.577549	22.383316	22.419594	27.619379	0.000163
1	139	27.64402	22.303599	22.356729	27.695652	0
1	140	27.694752	22.287333	22.325725	27.69219	0
1	141	27.665938	22.29222	22.319752	27.72209	0
1	142	27.69112	22.288522	22.339753	27.680605	0
1	143	27.667486	22.290186	22.358391	27.683938	0
1	144	27.622175	22.334262	22.405917	27.63764	0.000006
1	145	27.631356	22.30726	22.428364	27.63302	0
1	146	27.634625	22.349425	22.387497	27.628453	0
1	147	27.741729	22.228706	22.269244	27.76032	0
1	148	28.149464	21.787187	21.873112	28.190236	0
1	149	29.558103	20.377993	20.434925	29.628978	0
1	150	34.817779	15.109555	15.171185	34.901481	0
2	151	15.416645	34.540448	34.594186	15.448326	0.000395
2	152	27.524353	22.487255	22.497538	27.490853	0
2	153	25.180786	24.801825	24.849723	25.167666	0
2	154	25.168447	24.762046	24.865957	25.20355	0
2	155	34.305767	15.621661	15.684376	34.388196	0
2	156	25.090465	24.826214	24.896233	25.187076	0.000012
2	157	25.242543	24.737385	24.785043	25.23503	0
2	158	26.939524	23.071872	23.100377	26.888228	0
2	159	18.400268	31.540098	31.622819	18.436815	0
2	160	30.177723	19.813446	19.837666	30.171165	0
2	161	21.925221	28.039846	28.08546	21.949473	0
2	162	27.429684	22.570513	22.603375	27.396428	0
2	163	22.451474	27.533192	27.566637	22.448696	0
2	164	23.572011	26.38028	26.430443	23.617266	0
2	165	25.659112	24.293541	24.368161	25.679177	0.000008
2	166	26.427231	23.505866	23.574035	26.492867	0
2	167	27.155158	22.800897	22.82907	27.214875	0
2	168	27.323362	22.651684	22.675908	27.349046	0
2	169	27.070519	22.873213	22.922485	27.133783	0
2	170	26.968167	22.991265	23.040841	26.999726	0
2	171	26.638031	23.307054	23.392822	26.662093	0
2	172	27.004586	22.975613	23.012224	27.007577	0
2	173	26.753599	23.209119	23.28171	26.755572	0
2	174	26.954452	22.997661	23.084612	26.963275	0
2	175	26.884444	23.096589	23.161763	26.857204	0
2	176	26.970378	22.99353	23.062758	26.973334	0
2	177	27.085868	22.895258	22.917828	27.101046	0
2	178	27.085813	22.864478	22.910514	27.139195	0
2	179	27.24247	22.714348	22.776865	27.266318	0
2	180	27.127107	22.840453	22.884296	27.148144	0
2	181	27.068263	22.871725	22.953627	27.106384	0
2	182	27.109534	22.83001	22.909124	27.151328	0.000004
2	183	27.086292	22.880027	22.919083	27.114597	0
2	184	27.1349	22.817558	22.873658	27.173885	0
2	185	27.114048	22.858731	22.911104	27.116117	0
2	186	27.232275	22.698352	22.798022	27.271351	0
2	187	27.18265	22.791315	22.838163	27.187871	0
2	188	27.307033	22.654846	22.695361	27.34276	0
2	189	27.322923	22.652922	22.689768	27.334379	0.000008
2	190	27.256366	22.703598	22.724869	27.315166	0
2	191	27.139333	22.792874	22.866245	27.201548	0
2	192	27.168479	22.78337	22.848773	27.199378	0
2	193	27.025491	22.936079	22.984947	27.053483	0
2	194	27.142354	22.810264	22.862779	27.184603	0
2	195	27.079261	22.89268	22.913741	27.114318	0
2	196	27.249815	22.711556	22.764502	27.274098	0.000029
2	197	27.376147	22.607202	22.638632	27.378019	0
2	198	27.290177	22.670741	22.70204	27.337043	0
2	199	27.381948	22.574552	22.640183	27.403318	0
2	200	27.259412	22.690928	22.761378	27.288282	0
2	201	27.245936	22.703832	22.800091	27.250129	0.000012
2	202	27.264207	22.717304	22.764898	27.253156	0.000436
2	203	27.203309	22.762887	22.839365	27.194439	0
2	204	27.268573	22.706166	22.768888	27.256368	0.000004
2	205	27.243774	22.692883	22.777709	27.285634	0
2	206	27.16322	22.796407	22.866667	27.173706	0
2	207	27.347139	22.628686	22.663685	27.360491	0
2	208	27.377819	22.587319	22.6473	27.387562	0
2	209	27.344495	22.612862	22.68425	27.358273	0.000119
2	210	27.334605	22.601473	22.674092	27.389829	0
2	211	27.299612	22.630733	22.708636	27.361019	0
2	212	27.327054	22.646443	22.705522	27.320534	0.000448
2	213	27.344853	22.606702	22.683475	27.36497	0
2	214	27.23619	22.738893	22.786148	27.238716	0.000052
2	215	27.347641	22.628696	22.680248	27.343398	0.000017
2	216	27.197464	22.760059	22.807684	27.233282	0.001511
2	217	27.414235	22.558419	22.570736	27.456601	0.000009
2	218	27.431905	22.539833	22.611255	27.416071	0.000936
2	219	27.309386	22.632844	22.703443	27.354269	0.000058
2	220	27.335277	22.639536	22.706148	27.319034	0.000004
2	221	27.298207	22.634959	22.737192	27.329642	0
2	222	27.458235	22.495141	22.556018	27.490606	0
2	223	27.322615	22.640934	22.686624	27.349828	0
2	224	27.342408	22.621516	22.669502	27.366574	0
2	225	27.269992	22.690816	22.732391	27.306795	0.000005
2	226	27.312915	22.618395	22.693237	27.375435	0.000018
2	227	27.46497	22.534886	22.557998	27.442145	0
2	228	27.46773	22.48671	22.538593	27.506967	0
2	229	27.420954	22.49965	22.573627	27.505769	0
2	230	27.395492	22.558418	22.640675	27.405415	0
2	231	27.391175	22.536807	22.628572	27.443446	0
2	232	27.514587	22.471697	22.526375	27.487341	0
2	233	27.472256	22.494321	22.555084	27.478339	0
2	234	27.483042	22.47874	22.53663	27.501587	0
2	235	27.441652	22.53885	22.584973	27.434525	0
2	236	27.488972	22.451206	22.507144	27.552674	0.000005
2	237	27.477049	22.504868	22.53943	27.478653	0
2	238	27.466615	22.502081	22.522271	27.509014	0.000019
2	239	27.468199	22.470598	22.552455	27.508738	0.00001
2	240	27.567121	22.431565	22.467597	27.533712	0.000005
2	241	27.484535	22.450949	22.518212	27.546289	0.000014
2	242	27.552074	22.438983	22.481109	27.526899	0.000936
2	243	27.426814	22.540433	22.576586	27.45607	0.000097
2	244	27.533732	22.432803	22.461387	27.570158	0.00192
2	245	27.448473	22.524396	22.550546	27.476585	0
2	246	27.572668	22.406371	22.430476	27.590484	0
2	247	27.432575	22.537783	22.579996	27.449646	0
2	248	27.4513	22.49693	22.574813	27.476927	0.00003
2	249	27.523685	22.431298	22.510124	27.534893	0
2	250	27.458013	22.480994	22.561743	27.49925	0
2	251	27.562329	22.384966	22.47335	27.579356	0
2	252	27.508139	22.449087	22.534946	27.507828	0
2	253	27.484464	22.488322	22.51656	27.510654	0
2	254	27.504978	22.455063	22.515763	27.524195	0
2	255	27.492353	22.465493	22.523423	27.518731	0
2	256	27.493387	22.462542	22.521325	27.522746	0
2	257	27.501255	22.453245	22.498903	27.546541	0.000056
2	258	27.536498	22.421505	22.488055	27.553941	0
2	259	27.571245	22.371277	22.415735	27.641743	0
2	260	27.544787	22.394489	22.477622	27.583101	0
2	261	27.59106	22.350475	22.410286	27.648179	0
2	262	27.667077	22.30774	22.340509	27.684674	0
2	263	27.660647	22.318526	22.349213	27.671588	0.000026
2	264	27.629888	22.339205	22.383513	27.647331	0.000063
2	265	27.59263	22.403678	22.423907	27.579596	0.000188
2	266	27.632645	22.319426	22.400488	27.647442	0
2	267	27.666176	22.325347	22.392436	27.616041	0
2	268	27.680716	22.302658	22.365951	27.650675	0
2	269	27.683987	22.279637	22.341344	27.695032	0
2	270	27.67567	22.264423	22.342427	27.716538	0.000942
2	271	27.718722	22.227967	22.27977	27.773541	0
2	272	27.737772	22.261029	22.280712	27.720487	0
2	273	27.724994	22.260045	22.287797	27.727164	0
2	274	27.683286	22.294186	22.327281	27.695248	0
2	275	27.680206	22.307848	22.352189	27.659757	0
2	276	27.663193	22.284489	22.345539	27.706762	0.000016
2	277	27.753721	22.241822	22.297075	27.707382	0
2	278	27.733713	22.228407	22.314526	27.723354	0
2	279	27.711996	22.235102	22.304517	27.748385	0
2	280	27.801072	22.177287	22.217705	27.803936	0
2	281	27.791545	22.170614	22.233695	27.804147	0
2	282	27.796876	22.184605	22.194192	27.824327	0
2	283	27.708986	22.26371	22.289298	27.738006	0
2	284	27.679407	22.267222	22.306888	27.746483	0
2	285	27.652864	22.278077	22.333641	27.735418	0
2	286	27.610744	22.332764	22.381168	27.675318	0.000006
2	287	27.631292	22.351048	22.37189	27.645769	0
2	288	27.693855	22.263981	22.324521	27.717615	0.000028
2	289	27.737291	22.1974	22.276207	27.789102	0
2	290	27.813742	22.179647	22.197614	27.808998	0
2	291	27.776607	22.203076	22.232646	27.787671	0
2	292	27.77782	22.18045	22.257512	27.779622	0.004596
2	293	27.720918	22.225489	22.275796	27.777619	0.000177
2	294	27.709281	22.251404	22.279021	27.760288	0.000006
2	295	27.732516	22.215754	22.323388	27.728267	0.000075
2	296	27.71968	22.240452	22.298664	27.741204	0
2	297	27.84884	22.139648	22.158678	27.852833	0
2	298	28.266725	21.660602	21.75284	28.319834	0
2	299	29.694819	20.26485	20.287838	29.752494	0
2	300	35.197188	14.710334	14.756173	35.336306	0


