## htsjdk.samtools.metrics.StringHeader
# CollectMultipleMetrics INPUT=IK0_R2.mLb.clN.sorted.bam OUTPUT=IK0_R2.mLb.clN.CollectMultipleMetrics TMP_DIR=[tmp] VALIDATION_STRINGENCY=LENIENT REFERENCE_SEQUENCE=genome.fa    ASSUME_SORTED=true STOP_AFTER=0 METRIC_ACCUMULATION_LEVEL=[ALL_READS] PROGRAM=[CollectAlignmentSummaryMetrics, CollectBaseDistributionByCycle, CollectInsertSizeMetrics, MeanQualityByCycle, QualityScoreDistribution] INCLUDE_UNPAIRED=false VERBOSITY=INFO QUIET=false COMPRESSION_LEVEL=5 MAX_RECORDS_IN_RAM=500000 CREATE_INDEX=false CREATE_MD5_FILE=false GA4GH_CLIENT_SECRETS=client_secrets.json USE_JDK_DEFLATER=false USE_JDK_INFLATER=false
## htsjdk.samtools.metrics.StringHeader
# Started on: Fri Feb 25 08:39:16 UTC 2022

## METRICS CLASS	picard.analysis.BaseDistributionByCycleMetrics
READ_END	CYCLE	PCT_A	PCT_C	PCT_G	PCT_T	PCT_N
1	1	14.658035	35.294328	35.327329	14.650633	0.069675
1	2	26.356067	23.608586	23.637407	26.395743	0.002198
1	3	24.166341	25.807811	25.851041	24.164756	0.010052
1	4	24.026322	25.914513	25.993539	24.065468	0.000158
1	5	33.062106	16.88859	16.920066	33.128614	0.000625
1	6	23.956473	25.979403	26.058711	24.005377	0.000035
1	7	24.072006	25.911662	25.93662	24.079712	0
1	8	25.826372	24.15384	24.183443	25.836345	0
1	9	17.776751	32.195351	32.233104	17.794795	0
1	10	29.123469	20.853503	20.886031	29.136997	0
1	11	20.912762	29.056461	29.102666	20.927528	0.000583
1	12	26.439533	23.562143	23.586843	26.411481	0
1	13	21.373259	28.59712	28.633325	21.396296	0
1	14	22.608385	27.349799	27.403885	22.63793	0
1	15	24.644552	25.318089	25.376592	24.660767	0
1	16	25.38198	24.56219	24.62748	25.42835	0
1	17	26.127123	23.846463	23.8679	26.156798	0.001715
1	18	26.286708	23.690061	23.714725	26.308506	0
1	19	26.092417	23.860265	23.916629	26.13069	0
1	20	26.030031	23.939414	23.986613	26.043943	0
1	21	25.689385	24.255465	24.340063	25.715087	0
1	22	26.021107	23.958375	24.000388	26.019781	0.000349
1	23	25.710882	24.267866	24.29598	25.725272	0
1	24	25.902369	24.057619	24.113985	25.926004	0.000023
1	25	25.775618	24.2072	24.240001	25.777181	0
1	26	25.827676	24.130387	24.171268	25.870667	0.000003
1	27	25.946943	24.024442	24.048193	25.980421	0
1	28	25.987122	23.963316	24.018808	26.030754	0
1	29	26.169889	23.806815	23.828657	26.193862	0.000777
1	30	26.094318	23.885867	23.913192	26.106614	0.00001
1	31	26.042532	23.925409	23.94719	26.08487	0
1	32	26.101063	23.846996	23.900616	26.151318	0.000008
1	33	26.077367	23.890796	23.930451	26.101385	0
1	34	26.10206	23.848788	23.910375	26.138776	0
1	35	26.017811	23.945402	23.987826	26.048961	0
1	36	26.139624	23.823361	23.883137	26.153877	0
1	37	26.068345	23.897215	23.948411	26.086029	0
1	38	26.173451	23.805818	23.848121	26.17261	0
1	39	26.202305	23.779788	23.809416	26.208491	0
1	40	26.166033	23.80627	23.827371	26.200325	0
1	41	26.089574	23.868251	23.918272	26.123903	0
1	42	26.092105	23.876881	23.928036	26.099078	0.0039
1	43	25.951229	24.03092	24.052696	25.965153	0.000003
1	44	26.036879	23.921917	23.976388	26.064815	0
1	45	25.969407	23.99818	24.016061	26.016345	0.000008
1	46	26.093109	23.869892	23.910531	26.126468	0
1	47	26.220939	23.756211	23.776873	26.245955	0.000021
1	48	26.164688	23.80648	23.833945	26.194888	0
1	49	26.22417	23.745129	23.785173	26.245528	0
1	50	26.143763	23.852472	23.873768	26.129997	0
1	51	26.101045	23.856928	23.910145	26.131882	0
1	52	26.084142	23.881548	23.926654	26.107655	0
1	53	26.076136	23.914589	23.954043	26.055233	0
1	54	26.099256	23.869107	23.900179	26.131458	0
1	55	26.092694	23.874639	23.897267	26.1354	0
1	56	25.993488	23.977849	24.025704	26.002959	0
1	57	26.153485	23.841115	23.847732	26.157668	0
1	58	26.183004	23.796826	23.818749	26.201421	0
1	59	26.140141	23.814931	23.869552	26.175376	0
1	60	26.175346	23.790561	23.83255	26.201493	0.00005
1	61	26.135349	23.827321	23.869372	26.167958	0
1	62	26.163687	23.826391	23.853877	26.156045	0
1	63	26.145259	23.842932	23.866952	26.144846	0.000012
1	64	26.056502	23.919149	23.953637	26.070712	0
1	65	26.124359	23.843091	23.878688	26.153863	0
1	66	26.019876	23.943561	23.994621	26.041942	0
1	67	26.197489	23.773154	23.802189	26.227143	0.000024
1	68	26.229838	23.745051	23.774827	26.249332	0.000952
1	69	26.079278	23.857145	23.927458	26.136118	0
1	70	26.122892	23.842603	23.891008	26.143496	0
1	71	26.100623	23.857125	23.90397	26.138282	0
1	72	26.295327	23.664592	23.726471	26.313611	0
1	73	26.113933	23.864249	23.871364	26.150453	0
1	74	26.118801	23.833857	23.876125	26.171217	0
1	75	26.099328	23.875742	23.899711	26.125219	0
1	76	26.055919	23.907824	23.935818	26.10044	0
1	77	26.190493	23.781004	23.821281	26.207222	0
1	78	26.158224	23.811414	23.845022	26.18534	0
1	79	26.187922	23.777662	23.792189	26.242228	0
1	80	26.166011	23.797388	23.838186	26.198415	0
1	81	26.157146	23.799296	23.854903	26.188556	0.0001
1	82	26.279672	23.68919	23.733274	26.297865	0
1	83	26.208281	23.746852	23.808105	26.236762	0
1	84	26.249154	23.724796	23.750991	26.275058	0
1	85	26.206812	23.761286	23.783754	26.248137	0.00001
1	86	26.218757	23.725302	23.759287	26.296653	0
1	87	26.243115	23.744808	23.763224	26.248687	0.000166
1	88	26.145681	23.825998	23.842462	26.185858	0
1	89	26.212144	23.751696	23.789165	26.246995	0
1	90	26.294667	23.685853	23.701034	26.318446	0
1	91	26.26754	23.693559	23.735947	26.30295	0.000004
1	92	26.184679	23.808887	23.836151	26.170162	0.00012
1	93	26.127953	23.855979	23.867567	26.14848	0.000021
1	94	26.226518	23.749796	23.775149	26.248537	0
1	95	26.132329	23.83276	23.862671	26.172241	0
1	96	26.214309	23.769898	23.765861	26.249932	0
1	97	26.168306	23.797216	23.854303	26.180176	0
1	98	26.146389	23.827357	23.871406	26.154847	0
1	99	26.163778	23.794812	23.854481	26.186929	0
1	100	26.15972	23.813095	23.856059	26.171127	0
1	101	26.240835	23.727059	23.754844	26.277262	0
1	102	26.23944	23.739411	23.768031	26.253117	0
1	103	26.244081	23.74998	23.756722	26.249217	0
1	104	26.245477	23.718261	23.775211	26.261052	0
1	105	26.200395	23.79412	23.781679	26.223616	0.00019
1	106	26.172509	23.784487	23.821055	26.221949	0
1	107	26.18741	23.78297	23.805625	26.223995	0
1	108	26.214192	23.764817	23.78011	26.240881	0
1	109	26.268303	23.686835	23.738949	26.305913	0
1	110	26.248211	23.721769	23.751898	26.278122	0
1	111	26.287828	23.672128	23.67046	26.369583	0
1	112	26.359514	23.626338	23.644863	26.369285	0
1	113	26.328483	23.634035	23.670654	26.366828	0
1	114	26.29005	23.697845	23.703898	26.308208	0
1	115	26.229846	23.759336	23.761046	26.249772	0
1	116	26.268123	23.693142	23.746974	26.291761	0
1	117	26.286113	23.716821	23.721848	26.275174	0.000044
1	118	26.298149	23.661212	23.703499	26.33695	0.00019
1	119	26.362347	23.631392	23.636552	26.369708	0
1	120	26.358273	23.62761	23.630904	26.383214	0
1	121	26.384253	23.579159	23.608567	26.428021	0
1	122	26.408622	23.581368	23.589767	26.420243	0
1	123	26.392515	23.583303	23.611128	26.413008	0.000045
1	124	26.351914	23.64271	23.647867	26.357509	0
1	125	26.317011	23.68351	23.679308	26.320171	0
1	126	26.277276	23.676175	23.714322	26.332227	0
1	127	26.334964	23.650325	23.681346	26.333364	0
1	128	26.350881	23.627494	23.655142	26.366483	0
1	129	26.377343	23.595125	23.635924	26.391608	0
1	130	26.433756	23.537123	23.572503	26.456617	0
1	131	26.43204	23.532817	23.561741	26.473403	0
1	132	26.473408	23.510943	23.523617	26.492032	0
1	133	26.400197	23.584616	23.614681	26.400506	0
1	134	26.343821	23.619968	23.64206	26.394151	0
1	135	26.32471	23.648773	23.662015	26.364502	0
1	136	26.246588	23.73422	23.715503	26.30369	0
1	137	26.271264	23.718599	23.739107	26.271029	0
1	138	26.290593	23.69385	23.700458	26.31488	0.000219
1	139	26.345386	23.598239	23.6479	26.408475	0
1	140	26.422365	23.551651	23.566564	26.45942	0
1	141	26.398753	23.550494	23.593138	26.457615	0
1	142	26.414244	23.577688	23.583302	26.424766	0
1	143	26.379485	23.585216	23.608061	26.427239	0
1	144	26.369658	23.58827	23.645133	26.396939	0
1	145	26.339442	23.632136	23.670483	26.357939	0
1	146	26.315499	23.653175	23.683276	26.348051	0
1	147	26.411767	23.582202	23.567856	26.438175	0
1	148	26.839531	23.134818	23.144408	26.881243	0
1	149	28.073225	21.900731	21.900602	28.125443	0
1	150	33.737692	16.239047	16.254041	33.769221	0
2	151	14.571197	35.395223	35.449151	14.58356	0.000869
2	152	26.350837	23.627074	23.67048	26.351586	0.000023
2	153	24.251073	25.733155	25.757897	24.257875	0
2	154	24.132484	25.82224	25.872732	24.17254	0.000005
2	155	33.169267	16.786122	16.829164	33.215446	0
2	156	24.035587	25.906729	25.974003	24.08368	0
2	157	24.190473	25.799447	25.820831	24.189249	0
2	158	25.87774	24.106559	24.151502	25.864199	0
2	159	17.746187	32.215273	32.276382	17.762158	0
2	160	29.204492	20.7736	20.801065	29.220843	0
2	161	20.952607	29.016175	29.048213	20.983005	0
2	162	26.464205	23.536366	23.547181	26.452247	0
2	163	21.471828	28.502793	28.545192	21.480187	0
2	164	22.669431	27.292582	27.351063	22.686924	0
2	165	24.687137	25.283445	25.330775	24.698638	0.000005
2	166	25.409472	24.539912	24.599867	25.450748	0
2	167	26.155537	23.830226	23.827842	26.186395	0
2	168	26.32762	23.646991	23.668255	26.357134	0
2	169	26.122281	23.839589	23.866541	26.171589	0
2	170	26.067306	23.901242	23.94125	26.090202	0
2	171	25.733357	24.22885	24.27939	25.758403	0
2	172	26.047932	23.91553	23.953266	26.083141	0.000131
2	173	25.746991	24.218504	24.242745	25.791758	0.000003
2	174	25.938315	24.028855	24.073438	25.959391	0
2	175	25.815263	24.166151	24.199176	25.81941	0
2	176	25.848884	24.100042	24.162334	25.88874	0
2	177	25.972048	23.998767	24.03808	25.991105	0
2	178	25.996669	23.947334	24.000149	26.055847	0
2	179	26.170595	23.803713	23.825101	26.200588	0.000003
2	180	26.103889	23.861111	23.888793	26.146207	0
2	181	26.076211	23.888778	23.927804	26.107207	0
2	182	26.145972	23.812903	23.873402	26.167721	0.000003
2	183	26.104972	23.858967	23.90206	26.134001	0
2	184	26.127709	23.833859	23.886147	26.152284	0
2	185	26.052125	23.904528	23.951113	26.092235	0
2	186	26.130605	23.819163	23.877499	26.172732	0
2	187	26.071027	23.904026	23.946687	26.07826	0
2	188	26.188351	23.790202	23.836296	26.185151	0
2	189	26.207382	23.768992	23.808804	26.214789	0.000033
2	190	26.178023	23.798326	23.813214	26.210429	0.000008
2	191	26.099165	23.867851	23.912412	26.120565	0.000008
2	192	26.096058	23.881134	23.908862	26.113946	0
2	193	25.975638	24.005798	24.029323	25.989213	0.000029
2	194	26.067609	23.882728	23.954412	26.095249	0.000003
2	195	25.996999	23.991636	23.998513	26.012849	0.000003
2	196	26.117636	23.845099	23.88811	26.148854	0.000301
2	197	26.228645	23.744604	23.781533	26.245219	0
2	198	26.184053	23.805031	23.828134	26.182782	0
2	199	26.225864	23.725746	23.794221	26.254169	0
2	200	26.131423	23.851163	23.886368	26.131046	0
2	201	26.118853	23.859731	23.911492	26.109921	0.000003
2	202	26.106598	23.874235	23.899155	26.119213	0.0008
2	203	26.071405	23.904459	23.964136	26.059996	0.000003
2	204	26.098444	23.857662	23.899463	26.144431	0
2	205	26.112527	23.859244	23.906296	26.121933	0
2	206	25.989092	23.982136	24.02609	26.002682	0
2	207	26.166436	23.819457	23.836888	26.177219	0
2	208	26.173343	23.810138	23.819949	26.19657	0
2	209	26.157524	23.812923	23.85061	26.178905	0.000038
2	210	26.169804	23.796809	23.838304	26.195083	0
2	211	26.140658	23.834198	23.866003	26.15914	0
2	212	26.153038	23.827941	23.858871	26.159859	0.000292
2	213	26.169454	23.821989	23.85891	26.149647	0
2	214	26.082007	23.910507	23.941066	26.065612	0.000807
2	215	26.139517	23.837848	23.875354	26.147217	0.000063
2	216	26.014387	23.957352	23.990382	26.0369	0.000979
2	217	26.206374	23.764672	23.783479	26.245475	0
2	218	26.212569	23.777662	23.79049	26.21877	0.00051
2	219	26.108465	23.864625	23.904481	26.12241	0.000019
2	220	26.100245	23.883985	23.90863	26.107121	0.000019
2	221	26.100235	23.863583	23.912836	26.12334	0.000006
2	222	26.232322	23.737608	23.795625	26.234445	0
2	223	26.107337	23.867035	23.902735	26.122894	0
2	224	26.114288	23.85261	23.8669	26.166202	0
2	225	26.057458	23.911742	23.956978	26.073819	0.000003
2	226	26.07639	23.893057	23.920627	26.109878	0.000048
2	227	26.191035	23.80112	23.820946	26.186899	0
2	228	26.197016	23.759423	23.788499	26.255062	0
2	229	26.190598	23.761026	23.804633	26.243732	0.00001
2	230	26.168575	23.809039	23.846945	26.175442	0
2	231	26.156432	23.793325	23.858799	26.191444	0
2	232	26.227499	23.747063	23.787154	26.238284	0
2	233	26.189298	23.77471	23.812778	26.223215	0
2	234	26.229545	23.740501	23.766249	26.263701	0.000003
2	235	26.184765	23.792539	23.822806	26.19989	0
2	236	26.198953	23.751553	23.795789	26.253692	0.000014
2	237	26.203756	23.791277	23.788136	26.216831	0
2	238	26.20562	23.763251	23.783172	26.247385	0.000572
2	239	26.199863	23.758952	23.812372	26.228782	0.000031
2	240	26.287317	23.685264	23.726155	26.301264	0
2	241	26.229747	23.726367	23.78135	26.262536	0
2	242	26.265234	23.720406	23.750475	26.262511	0.001374
2	243	26.162704	23.823798	23.858676	26.154523	0.000299
2	244	26.232528	23.728133	23.760075	26.278105	0.00116
2	245	26.156374	23.832916	23.834133	26.176576	0
2	246	26.267866	23.728047	23.741529	26.262558	0
2	247	26.130776	23.855173	23.879469	26.134581	0
2	248	26.169079	23.811477	23.857621	26.161779	0.000044
2	249	26.207093	23.741265	23.805693	26.245949	0
2	250	26.161602	23.796163	23.839259	26.202977	0
2	251	26.257454	23.703986	23.746116	26.292444	0
2	252	26.185799	23.779444	23.813958	26.220799	0
2	253	26.198047	23.791158	23.815413	26.195356	0.000026
2	254	26.194169	23.758285	23.808119	26.239426	0
2	255	26.175658	23.804976	23.835447	26.183919	0
2	256	26.136748	23.794248	23.858982	26.210022	0
2	257	26.183475	23.79287	23.831667	26.191934	0.000054
2	258	26.176487	23.78833	23.820206	26.214977	0
2	259	26.247451	23.709255	23.748286	26.295008	0
2	260	26.213451	23.757156	23.764075	26.265314	0.000004
2	261	26.274402	23.676476	23.715027	26.334095	0
2	262	26.327632	23.651299	23.67901	26.342059	0
2	263	26.312727	23.651957	23.674495	26.360821	0
2	264	26.273689	23.717428	23.725944	26.28291	0.000028
2	265	26.220347	23.790494	23.76232	26.226032	0.000807
2	266	26.269011	23.715955	23.736807	26.278228	0
2	267	26.274305	23.716242	23.711262	26.298191	0
2	268	26.272123	23.680853	23.726043	26.320977	0.000004
2	269	26.335549	23.640391	23.669616	26.354327	0.000118
2	270	26.335	23.629671	23.665596	26.367689	0.002044
2	271	26.356031	23.62055	23.631686	26.391724	0.000008
2	272	26.381126	23.626485	23.604316	26.388074	0
2	273	26.385775	23.597389	23.643712	26.373123	0
2	274	26.329204	23.646662	23.657842	26.366293	0
2	275	26.300278	23.691978	23.700198	26.307546	0
2	276	26.294278	23.672727	23.702183	26.330812	0
2	277	26.332965	23.673609	23.674845	26.318581	0
2	278	26.345201	23.63745	23.648371	26.368978	0
2	279	26.355925	23.627643	23.654579	26.361854	0
2	280	26.443322	23.542095	23.559215	26.455364	0.000004
2	281	26.444829	23.532102	23.56303	26.460035	0.000004
2	282	26.456465	23.524766	23.560175	26.458594	0
2	283	26.356015	23.60108	23.635352	26.407553	0
2	284	26.331466	23.634798	23.651499	26.382233	0.000004
2	285	26.307726	23.698522	23.674177	26.319575	0
2	286	26.254758	23.741286	23.728775	26.275168	0.000013
2	287	26.242215	23.746047	23.747498	26.264043	0.000196
2	288	26.285818	23.706121	23.69637	26.311427	0.000262
2	289	26.329584	23.626491	23.661876	26.382049	0
2	290	26.388376	23.579828	23.59128	26.440503	0.000013
2	291	26.397144	23.566665	23.59158	26.444611	0
2	292	26.410432	23.577915	23.59227	26.415425	0.003959
2	293	26.378584	23.613378	23.618881	26.389068	0.000089
2	294	26.368489	23.610136	23.645478	26.375892	0.000004
2	295	26.333282	23.634043	23.672806	26.359869	0
2	296	26.308121	23.669002	23.683419	26.339459	0
2	297	26.416599	23.550608	23.581661	26.451132	0
2	298	26.841412	23.11411	23.163974	26.880504	0
2	299	28.100221	21.867981	21.892969	28.138828	0
2	300	33.813377	16.144803	16.19536	33.846461	0


