## htsjdk.samtools.metrics.StringHeader
# CollectMultipleMetrics INPUT=IK0_R1.mLb.clN.sorted.bam OUTPUT=IK0_R1.mLb.clN.CollectMultipleMetrics TMP_DIR=[tmp] VALIDATION_STRINGENCY=LENIENT REFERENCE_SEQUENCE=genome.fa    ASSUME_SORTED=true STOP_AFTER=0 METRIC_ACCUMULATION_LEVEL=[ALL_READS] PROGRAM=[CollectAlignmentSummaryMetrics, CollectBaseDistributionByCycle, CollectInsertSizeMetrics, MeanQualityByCycle, QualityScoreDistribution] INCLUDE_UNPAIRED=false VERBOSITY=INFO QUIET=false COMPRESSION_LEVEL=5 MAX_RECORDS_IN_RAM=500000 CREATE_INDEX=false CREATE_MD5_FILE=false GA4GH_CLIENT_SECRETS=client_secrets.json USE_JDK_DEFLATER=false USE_JDK_INFLATER=false
## htsjdk.samtools.metrics.StringHeader
# Started on: Thu Feb 24 22:24:08 UTC 2022

## METRICS CLASS	picard.analysis.BaseDistributionByCycleMetrics
READ_END	CYCLE	PCT_A	PCT_C	PCT_G	PCT_T	PCT_N
1	1	15.016838	34.896318	34.972176	15.039213	0.075455
1	2	27.1034	22.888255	22.917397	27.090603	0.000345
1	3	24.857052	25.111758	25.16553	24.853742	0.011917
1	4	24.789083	25.153593	25.217799	24.839319	0.000205
1	5	33.613104	16.330602	16.364769	33.689471	0.002053
1	6	24.673732	25.265905	25.320729	24.739634	0
1	7	24.848765	25.13721	25.18429	24.829734	0
1	8	26.555533	23.422953	23.449484	26.57203	0
1	9	18.453664	31.488239	31.56145	18.496647	0
1	10	29.689916	20.307065	20.328344	29.674675	0
1	11	21.617376	28.357267	28.385437	21.639912	0.000007
1	12	27.196661	22.832367	22.82786	27.143112	0
1	13	22.174804	27.824	27.839672	22.161523	0
1	14	23.340916	26.609806	26.66496	23.384317	0
1	15	25.373944	24.571106	24.630363	25.424587	0
1	16	26.149791	23.81225	23.855427	26.182532	0
1	17	26.872354	23.096745	23.132646	26.897281	0.000975
1	18	27.040844	22.929505	22.95731	27.072341	0
1	19	26.795956	23.15168	23.197016	26.855349	0
1	20	26.757365	23.20912	23.262266	26.771248	0
1	21	26.40682	23.547283	23.61661	26.429287	0
1	22	26.737252	23.252395	23.274468	26.735529	0.000355
1	23	26.426478	23.533389	23.581587	26.458547	0
1	24	26.647996	23.318706	23.377666	26.655542	0.00009
1	25	26.530985	23.45372	23.484944	26.530351	0
1	26	26.608194	23.341305	23.410846	26.639649	0.000007
1	27	26.737557	23.244579	23.274545	26.743319	0
1	28	26.746211	23.207194	23.241192	26.805403	0
1	29	26.928559	23.036721	23.08713	26.947137	0.000453
1	30	26.841613	23.134573	23.154064	26.869747	0.000003
1	31	26.791639	23.15876	23.210186	26.839415	0
1	32	26.827144	23.120443	23.163993	26.888416	0.000003
1	33	26.810067	23.147578	23.202997	26.839359	0
1	34	26.835299	23.121284	23.173669	26.869749	0
1	35	26.780452	23.182392	23.247322	26.789834	0
1	36	26.893571	23.071162	23.096583	26.938685	0
1	37	26.845895	23.141147	23.170089	26.842869	0
1	38	26.941086	23.034001	23.054821	26.970091	0
1	39	26.987078	22.979104	23.016987	27.016831	0
1	40	26.940411	23.026772	23.046807	26.98601	0
1	41	26.844617	23.104687	23.148872	26.901825	0
1	42	26.885021	23.087136	23.128833	26.895992	0.003017
1	43	26.73429	23.226859	23.2799	26.758941	0.000011
1	44	26.805534	23.128446	23.215123	26.850886	0.000011
1	45	26.743466	23.208003	23.252182	26.796348	0
1	46	26.875531	23.093898	23.112517	26.918055	0
1	47	27.035827	22.956258	22.968306	27.03961	0
1	48	26.969117	22.990522	23.026303	27.014058	0
1	49	27.051128	22.92411	22.957864	27.066897	0
1	50	26.948141	23.008985	23.078236	26.964639	0
1	51	26.923283	23.038046	23.10913	26.929541	0
1	52	26.929699	23.061559	23.086083	26.922632	0.000026
1	53	26.874079	23.080339	23.159873	26.885709	0
1	54	26.91763	23.017625	23.088926	26.975818	0
1	55	26.912199	23.044413	23.074318	26.96907	0
1	56	26.83302	23.153809	23.181717	26.831454	0
1	57	26.996747	22.998261	23.029065	26.975928	0
1	58	27.025004	22.938978	22.985162	27.050856	0
1	59	26.993346	22.963079	23.013215	27.03036	0
1	60	27.014153	22.948405	22.992666	27.044776	0
1	61	26.980205	22.973068	23.027944	27.018783	0
1	62	27.003302	22.972386	23.011654	27.012658	0
1	63	27.001148	22.95576	23.025131	27.017957	0.000004
1	64	26.911785	23.063339	23.120112	26.904764	0
1	65	26.987759	22.983337	23.034812	26.994093	0
1	66	26.860467	23.091726	23.147767	26.90004	0
1	67	27.054639	22.908155	22.933359	27.103831	0.000017
1	68	27.087654	22.87328	22.918424	27.120253	0.00039
1	69	26.973687	23.010183	23.023536	26.992595	0
1	70	27.001004	22.976625	23.027265	26.995106	0
1	71	26.975673	22.944731	23.05566	27.023936	0
1	72	27.187287	22.768849	22.841219	27.202645	0
1	73	26.998458	22.968984	23.019547	27.013011	0
1	74	27.012177	22.937572	22.995934	27.054309	0.000009
1	75	26.949359	23.009547	23.061282	26.979812	0
1	76	26.952402	22.989523	23.050072	27.008003	0
1	77	27.091888	22.890427	22.914709	27.102976	0
1	78	27.061305	22.898435	22.939999	27.100261	0
1	79	27.096558	22.869131	22.891937	27.142373	0
1	80	27.06124	22.909387	22.961465	27.067908	0
1	81	27.057922	22.889198	22.960681	27.092185	0.000013
1	82	27.204222	22.765636	22.832054	27.198088	0
1	83	27.134357	22.825051	22.895335	27.145256	0
1	84	27.146632	22.813186	22.862573	27.177609	0
1	85	27.112198	22.860586	22.880222	27.14698	0.000014
1	86	27.144709	22.802866	22.850702	27.201723	0
1	87	27.151501	22.834442	22.853483	27.160574	0
1	88	27.065686	22.903462	22.933012	27.097839	0
1	89	27.123655	22.832923	22.877695	27.165727	0
1	90	27.203936	22.776095	22.807414	27.212554	0
1	91	27.174367	22.778479	22.835913	27.211241	0
1	92	27.100744	22.874305	22.915846	27.109072	0.000033
1	93	27.041647	22.928224	22.958449	27.071591	0.00009
1	94	27.1306	22.845847	22.862496	27.161057	0
1	95	27.048589	22.912001	22.936364	27.103046	0
1	96	27.157649	22.828024	22.833428	27.180899	0
1	97	27.072907	22.896103	22.949001	27.081989	0
1	98	27.077287	22.873073	22.952662	27.096979	0
1	99	27.084009	22.856427	22.946905	27.112659	0
1	100	27.081091	22.884996	22.940246	27.093668	0
1	101	27.181286	22.77206	22.834178	27.212476	0
1	102	27.157956	22.806256	22.859446	27.176343	0
1	103	27.151222	22.80372	22.862015	27.183043	0
1	104	27.149053	22.803718	22.870711	27.176518	0
1	105	27.133474	22.850147	22.869637	27.146742	0
1	106	27.119062	22.847562	22.874652	27.158724	0
1	107	27.161613	22.811134	22.848816	27.178438	0
1	108	27.163298	22.801177	22.829222	27.206303	0
1	109	27.241026	22.737355	22.756376	27.265244	0
1	110	27.153628	22.77367	22.8294	27.243302	0
1	111	27.245203	22.687059	22.75001	27.317728	0
1	112	27.325871	22.652322	22.695488	27.326319	0
1	113	27.30006	22.685411	22.692612	27.321917	0
1	114	27.225399	22.745242	22.766137	27.263222	0
1	115	27.168751	22.813269	22.836733	27.181246	0
1	116	27.227126	22.741249	22.786555	27.24507	0
1	117	27.261204	22.726161	22.754041	27.258573	0.000021
1	118	27.279787	22.677753	22.731315	27.311145	0
1	119	27.32246	22.636732	22.683368	27.35744	0
1	120	27.31709	22.641767	22.680279	27.360863	0
1	121	27.354269	22.607236	22.625377	27.413118	0
1	122	27.362285	22.622447	22.624774	27.390495	0
1	123	27.358804	22.627902	22.628977	27.384295	0.000022
1	124	27.296233	22.674878	22.694928	27.333961	0
1	125	27.265967	22.701593	22.735149	27.29729	0
1	126	27.232012	22.707136	22.751848	27.309005	0
1	127	27.311521	22.668231	22.7129	27.307349	0
1	128	27.348861	22.620736	22.692738	27.337659	0.000006
1	129	27.345638	22.634556	22.671389	27.348417	0
1	130	27.444666	22.547014	22.563901	27.444419	0
1	131	27.417374	22.545337	22.582029	27.45526	0
1	132	27.4467	22.545862	22.545777	27.46166	0
1	133	27.361469	22.614297	22.64215	27.382005	0.000079
1	134	27.315509	22.643334	22.676746	27.364411	0
1	135	27.283901	22.672724	22.713681	27.329695	0
1	136	27.214599	22.757636	22.748165	27.2796	0
1	137	27.229559	22.736946	22.769003	27.264491	0
1	138	27.2791	22.684043	22.711736	27.324931	0.000191
1	139	27.348822	22.603039	22.668117	27.380023	0
1	140	27.415911	22.556477	22.59036	27.437252	0
1	141	27.413515	22.564954	22.583425	27.438105	0
1	142	27.380048	22.582197	22.60309	27.434665	0
1	143	27.372201	22.587686	22.648089	27.392025	0
1	144	27.358646	22.606914	22.662391	27.372031	0.000018
1	145	27.326356	22.64867	22.697971	27.327003	0
1	146	27.316971	22.652332	22.693936	27.336762	0
1	147	27.407139	22.560048	22.590779	27.442034	0
1	148	27.806357	22.149191	22.164205	27.880248	0
1	149	29.164429	20.783625	20.82899	29.222957	0
1	150	34.68478	15.267685	15.273915	34.773619	0
2	151	14.970113	35.000869	35.051731	14.976712	0.000574
2	152	27.050843	22.936167	22.959948	27.053042	0
2	153	24.906021	25.079446	25.10707	24.907462	0
2	154	24.826028	25.106552	25.180277	24.88714	0.000003
2	155	33.659007	16.258255	16.324619	33.758119	0
2	156	24.740741	25.195344	25.280088	24.783821	0.000007
2	157	24.894045	25.088728	25.119638	24.897588	0
2	158	26.575789	23.394118	23.454565	26.575528	0
2	159	18.389604	31.55956	31.619656	18.431181	0
2	160	29.707562	20.27383	20.271029	29.747579	0
2	161	21.648888	28.300443	28.35214	21.698529	0
2	162	27.188597	22.816107	22.827613	27.167683	0
2	163	22.226774	27.744713	27.798583	22.229931	0
2	164	23.369609	26.580703	26.64248	23.407208	0
2	165	25.423494	24.557414	24.593481	25.425583	0.000028
2	166	26.161827	23.795509	23.839439	26.203226	0
2	167	26.858331	23.093463	23.124575	26.923631	0
2	168	27.041547	22.945741	22.928217	27.084495	0
2	169	26.830043	23.113653	23.161098	26.895206	0
2	170	26.755792	23.195564	23.251498	26.797146	0
2	171	26.438359	23.524668	23.575173	26.4618	0
2	172	26.758208	23.199262	23.249778	26.792721	0.000031
2	173	26.475419	23.494671	23.541589	26.488318	0.000003
2	174	26.675909	23.296484	23.347325	26.680281	0
2	175	26.536151	23.428119	23.481995	26.553735	0
2	176	26.601913	23.350309	23.403062	26.644716	0
2	177	26.732606	23.244744	23.282875	26.739775	0
2	178	26.76469	23.197949	23.234518	26.802843	0
2	179	26.929773	23.032745	23.075874	26.961608	0
2	180	26.856409	23.120789	23.154035	26.868767	0
2	181	26.812703	23.13554	23.184651	26.867106	0
2	182	26.866463	23.092282	23.146758	26.894489	0.000007
2	183	26.829476	23.139466	23.168851	26.862207	0
2	184	26.85958	23.099697	23.156015	26.884708	0
2	185	26.783822	23.175135	23.226691	26.814352	0
2	186	26.893591	23.063125	23.116556	26.926728	0
2	187	26.830911	23.127271	23.191189	26.850629	0
2	188	26.947166	23.028397	23.055398	26.96904	0
2	189	26.979012	22.981072	23.04528	26.994629	0.000007
2	190	26.946282	23.001128	23.052435	27.000155	0
2	191	26.849027	23.104716	23.149043	26.897214	0
2	192	26.873673	23.102376	23.137498	26.886446	0.000007
2	193	26.729476	23.245915	23.266994	26.757616	0
2	194	26.838341	23.123426	23.18065	26.857583	0
2	195	26.755572	23.211802	23.230053	26.802572	0
2	196	26.905151	23.064349	23.107945	26.922492	0.000062
2	197	27.035701	22.94953	22.972904	27.041865	0
2	198	26.964202	22.999414	23.038193	26.998192	0
2	199	27.025893	22.925612	22.986905	27.061589	0
2	200	26.92815	23.029636	23.079578	26.962636	0
2	201	26.899963	23.062487	23.100376	26.93714	0.000034
2	202	26.949204	23.048996	23.070865	26.930466	0.000469
2	203	26.883471	23.096855	23.141948	26.877726	0
2	204	26.923988	23.038795	23.098735	26.938483	0
2	205	26.924031	23.050128	23.083357	26.942483	0
2	206	26.806907	23.155896	23.217157	26.82004	0
2	207	27.004578	22.986928	23.000077	27.008417	0
2	208	27.010945	22.954022	22.992474	27.042559	0
2	209	26.973135	22.988566	23.03703	27.001138	0.00013
2	210	26.986161	22.957916	23.016776	27.039139	0.000008
2	211	26.970055	22.989062	23.030598	27.010286	0
2	212	26.987958	22.996501	23.020029	26.994932	0.00058
2	213	27.003803	22.967681	23.035511	26.993005	0
2	214	26.914929	23.072556	23.125243	26.887178	0.000093
2	215	26.976047	22.996222	23.036706	26.990997	0.000029
2	216	26.854817	23.121775	23.149606	26.871785	0.002017
2	217	27.063005	22.911726	22.936628	27.08862	0.000021
2	218	27.051148	22.907961	22.945291	27.094514	0.001087
2	219	26.951308	23.01034	23.039806	26.998446	0.0001
2	220	26.973028	22.999121	23.067741	26.960101	0.000008
2	221	26.953183	22.983295	23.069205	26.994317	0
2	222	27.111121	22.866813	22.907051	27.115015	0
2	223	26.961941	22.983783	23.045667	27.008605	0.000004
2	224	26.979087	22.980819	23.016207	27.023887	0
2	225	26.912475	23.073787	23.093881	26.919843	0.000013
2	226	26.947944	23.007639	23.053572	26.990801	0.000043
2	227	27.092622	22.901092	22.936347	27.069939	0
2	228	27.102412	22.86572	22.915926	27.115929	0.000013
2	229	27.084197	22.868587	22.916787	27.130424	0.000004
2	230	27.050969	22.931348	22.972012	27.045671	0
2	231	27.04055	22.883594	22.975341	27.100515	0
2	232	27.133023	22.855217	22.895912	27.115848	0
2	233	27.098065	22.865518	22.90724	27.129177	0
2	234	27.132144	22.859101	22.888327	27.12042	0.000009
2	235	27.07241	22.899786	22.94382	27.083984	0
2	236	27.087104	22.817503	22.899515	27.195864	0.000014
2	237	27.103573	22.879708	22.899417	27.117302	0
2	238	27.103249	22.858474	22.894046	27.144208	0.000023
2	239	27.101782	22.854743	22.915635	27.127831	0.000009
2	240	27.159588	22.813546	22.842488	27.184373	0.000005
2	241	27.112721	22.835233	22.893975	27.158067	0.000005
2	242	27.142414	22.831541	22.865285	27.15969	0.001069
2	243	27.043636	22.943449	22.943592	27.06921	0.000114
2	244	27.129107	22.817281	22.869122	27.182339	0.002152
2	245	27.024909	22.933229	22.936118	27.105745	0
2	246	27.143297	22.835021	22.847516	27.174166	0
2	247	27.068877	22.943937	22.951212	27.035974	0
2	248	27.039703	22.90462	22.962688	27.092955	0.000034
2	249	27.119487	22.829591	22.891427	27.159494	0
2	250	27.074257	22.87797	22.932739	27.115034	0
2	251	27.1527	22.787748	22.856598	27.202954	0
2	252	27.112324	22.864813	22.907001	27.115861	0
2	253	27.090004	22.89018	22.911158	27.108657	0
2	254	27.104123	22.83675	22.902451	27.156676	0
2	255	27.086676	22.866907	22.918124	27.128293	0
2	256	27.055178	22.892149	22.947701	27.104972	0
2	257	27.091268	22.857827	22.911926	27.138913	0.000066
2	258	27.100584	22.846727	22.875271	27.177418	0
2	259	27.2019	22.753139	22.823544	27.221417	0
2	260	27.151002	22.813999	22.833781	27.201218	0
2	261	27.222081	22.729027	22.782632	27.26626	0
2	262	27.27175	22.695505	22.744189	27.288556	0
2	263	27.258886	22.727955	22.730692	27.282441	0.000026
2	264	27.199501	22.769797	22.791346	27.239293	0.000063
2	265	27.166098	22.817714	22.855587	27.16037	0.000232
2	266	27.224832	22.763145	22.795537	27.216485	0
2	267	27.236895	22.765369	22.76514	27.232596	0
2	268	27.261216	22.700895	22.754559	27.283331	0
2	269	27.29952	22.670498	22.720283	27.309693	0.000005
2	270	27.27935	22.642158	22.727544	27.349783	0.001166
2	271	27.333284	22.625829	22.672602	27.368285	0
2	272	27.362141	22.642906	22.65357	27.341383	0
2	273	27.321035	22.668563	22.676271	27.334131	0
2	274	27.273616	22.709072	22.717325	27.299987	0
2	275	27.238133	22.744361	22.759917	27.25759	0
2	276	27.235765	22.729859	22.766846	27.267519	0.000011
2	277	27.305405	22.678802	22.722961	27.292832	0
2	278	27.324192	22.647429	22.720075	27.308303	0
2	279	27.334349	22.652709	22.693881	27.319062	0
2	280	27.386557	22.579809	22.611758	27.421875	0
2	281	27.390772	22.580566	22.614461	27.414201	0
2	282	27.420932	22.565885	22.59793	27.415253	0
2	283	27.319821	22.653623	22.691352	27.335205	0
2	284	27.27998	22.66512	22.727156	27.327743	0
2	285	27.233476	22.710976	22.757	27.298548	0
2	286	27.171671	22.779467	22.799932	27.248925	0.000006
2	287	27.232465	22.763075	22.763294	27.241167	0
2	288	27.251115	22.71997	22.744706	27.284169	0.00004
2	289	27.315449	22.633938	22.685045	27.365569	0
2	290	27.406651	22.575489	22.595891	27.421969	0
2	291	27.37596	22.575492	22.618166	27.430382	0
2	292	27.380668	22.604738	22.636863	27.372617	0.005114
2	293	27.326198	22.637188	22.663083	27.37329	0.000242
2	294	27.314695	22.634636	22.722347	27.328322	0
2	295	27.302088	22.661042	22.727089	27.309691	0.000089
2	296	27.288556	22.680272	22.727842	27.30333	0
2	297	27.418051	22.568437	22.590662	27.42285	0
2	298	27.849693	22.11212	22.148404	27.889783	0
2	299	29.230286	20.723905	20.778207	29.267602	0
2	300	34.817355	15.12915	15.205613	34.847883	0


