## htsjdk.samtools.metrics.StringHeader
# CollectMultipleMetrics INPUT=IK1_R1.mLb.clN.sorted.bam OUTPUT=IK1_R1.mLb.clN.CollectMultipleMetrics TMP_DIR=[tmp] VALIDATION_STRINGENCY=LENIENT REFERENCE_SEQUENCE=genome.fa    ASSUME_SORTED=true STOP_AFTER=0 METRIC_ACCUMULATION_LEVEL=[ALL_READS] PROGRAM=[CollectAlignmentSummaryMetrics, CollectBaseDistributionByCycle, CollectInsertSizeMetrics, MeanQualityByCycle, QualityScoreDistribution] INCLUDE_UNPAIRED=false VERBOSITY=INFO QUIET=false COMPRESSION_LEVEL=5 MAX_RECORDS_IN_RAM=500000 CREATE_INDEX=false CREATE_MD5_FILE=false GA4GH_CLIENT_SECRETS=client_secrets.json USE_JDK_DEFLATER=false USE_JDK_INFLATER=false
## htsjdk.samtools.metrics.StringHeader
# Started on: Thu Feb 24 22:42:59 UTC 2022

## METRICS CLASS	picard.analysis.BaseDistributionByCycleMetrics
READ_END	CYCLE	PCT_A	PCT_C	PCT_G	PCT_T	PCT_N
1	1	14.515293	35.403803	35.480356	14.528816	0.071731
1	2	26.73216	23.261691	23.292227	26.71362	0.000301
1	3	24.824295	25.165349	25.206739	24.791657	0.01196
1	4	24.674432	25.255465	25.342573	24.727398	0.000132
1	5	33.354079	16.5686	16.625053	33.450351	0.001917
1	6	24.496669	25.428214	25.526791	24.548326	0
1	7	24.862823	25.144165	25.184243	24.808769	0
1	8	26.471083	23.524692	23.55658	26.447645	0
1	9	18.097227	31.854782	31.933433	18.114558	0
1	10	30.009371	19.966664	20.006481	30.017484	0
1	11	21.433108	28.524506	28.581706	21.460674	0.000007
1	12	27.284069	22.702592	22.741552	27.271788	0
1	13	22.152366	27.825606	27.870571	22.151457	0
1	14	23.276546	26.674964	26.750317	23.298173	0
1	15	25.263287	24.685803	24.747994	25.302909	0.000007
1	16	26.02983	23.925325	23.982217	26.062627	0
1	17	26.7716	23.197247	23.238256	26.79212	0.000777
1	18	26.984642	22.991555	23.014884	27.008919	0
1	19	26.752075	23.193764	23.2432	26.810961	0
1	20	26.686055	23.260075	23.30813	26.74574	0
1	21	26.343219	23.598468	23.675551	26.382762	0
1	22	26.696561	23.286894	23.330296	26.685886	0.000364
1	23	26.357061	23.621837	23.659408	26.361694	0
1	24	26.577872	23.380383	23.470774	26.570902	0.000069
1	25	26.396622	23.570457	23.628625	26.404296	0
1	26	26.499485	23.465152	23.518312	26.517045	0.000007
1	27	26.600251	23.393302	23.407932	26.598515	0
1	28	26.607303	23.356752	23.382959	26.652987	0
1	29	26.790898	23.170012	23.220417	26.81827	0.000404
1	30	26.702143	23.265596	23.309465	26.722789	0.000007
1	31	26.688244	23.265871	23.326705	26.71918	0
1	32	26.746991	23.205052	23.261259	26.786695	0.000003
1	33	26.713706	23.247934	23.306113	26.732247	0
1	34	26.735666	23.226447	23.255897	26.781989	0
1	35	26.686191	23.282735	23.324466	26.706608	0
1	36	26.83598	23.118985	23.200581	26.844455	0
1	37	26.738556	23.211377	23.285183	26.764884	0
1	38	26.849221	23.115979	23.171279	26.863521	0
1	39	26.834485	23.133273	23.195597	26.836645	0
1	40	26.773027	23.171461	23.237478	26.818035	0
1	41	26.648974	23.3111	23.330525	26.709401	0
1	42	26.711183	23.238817	23.302908	26.744346	0.002746
1	43	26.627198	23.358501	23.371852	26.642445	0.000003
1	44	26.745237	23.212472	23.26896	26.773332	0
1	45	26.711336	23.257357	23.281945	26.749362	0
1	46	26.870922	23.104491	23.130288	26.894299	0
1	47	27.028942	22.959048	22.980915	27.031095	0
1	48	26.96616	23.001675	23.041726	26.990439	0
1	49	26.983712	22.963428	23.030635	27.022225	0
1	50	26.839567	23.087826	23.16845	26.904157	0
1	51	26.786604	23.164983	23.233462	26.814952	0
1	52	26.79721	23.185424	23.210095	26.807249	0.000022
1	53	26.80587	23.162187	23.210844	26.8211	0
1	54	26.885046	23.06926	23.127265	26.918429	0
1	55	26.91505	23.02733	23.100204	26.957415	0
1	56	26.813343	23.147868	23.193884	26.844906	0
1	57	27.021329	22.977873	22.985567	27.01523	0
1	58	27.063271	22.901153	22.956105	27.079471	0
1	59	27.010999	22.951345	23.000153	27.037502	0
1	60	27.003292	22.94831	22.997979	27.050419	0
1	61	26.963362	22.994417	23.03982	27.002401	0
1	62	26.983344	22.985818	23.023024	27.007814	0
1	63	27.009643	22.954051	23.00491	27.031396	0
1	64	26.923986	23.058087	23.095209	26.922718	0
1	65	27.037167	22.936239	22.971197	27.055397	0
1	66	26.874616	23.083771	23.133252	26.908361	0
1	67	27.11302	22.862483	22.894544	27.129942	0.000012
1	68	27.113181	22.83845	22.909928	27.138084	0.000358
1	69	26.982828	22.969977	23.021724	27.025471	0
1	70	27.004323	22.968977	23.021498	27.005202	0
1	71	26.954659	22.961089	23.048636	27.035616	0
1	72	27.240261	22.718654	22.794924	27.246162	0
1	73	27.002775	22.954766	23.009038	27.033422	0
1	74	27.012828	22.927719	22.965083	27.094346	0.000024
1	75	27.012469	22.943625	23.002586	27.04132	0
1	76	27.001959	22.926658	22.988871	27.082512	0
1	77	27.17012	22.822129	22.856462	27.15129	0
1	78	27.121592	22.844792	22.907804	27.125812	0
1	79	27.129999	22.839374	22.875395	27.155231	0
1	80	27.089428	22.880572	22.9409	27.0891	0
1	81	27.074553	22.848059	22.949577	27.127799	0.000013
1	82	27.243918	22.730513	22.784828	27.240742	0
1	83	27.173282	22.791658	22.857321	27.177738	0
1	84	27.209782	22.744011	22.807071	27.239136	0
1	85	27.192861	22.786676	22.813559	27.2069	0.000004
1	86	27.248929	22.693246	22.752725	27.3051	0
1	87	27.275442	22.729555	22.758375	27.236628	0
1	88	27.130063	22.831094	22.869514	27.169329	0
1	89	27.214168	22.753697	22.795845	27.23629	0
1	90	27.286607	22.700951	22.755084	27.257358	0
1	91	27.241999	22.700918	22.784932	27.272151	0
1	92	27.172872	22.822085	22.87176	27.133244	0.00004
1	93	27.102743	22.871333	22.908333	27.117525	0.000066
1	94	27.2311	22.740726	22.789882	27.238291	0
1	95	27.146604	22.787602	22.863229	27.202565	0
1	96	27.278772	22.689142	22.725092	27.306994	0
1	97	27.182392	22.810389	22.827954	27.179265	0
1	98	27.149319	22.804922	22.857836	27.187922	0
1	99	27.14126	22.794779	22.875136	27.188825	0
1	100	27.124398	22.824194	22.882374	27.169034	0
1	101	27.266789	22.692342	22.751781	27.289088	0
1	102	27.247443	22.729205	22.75156	27.271792	0
1	103	27.25296	22.715934	22.742193	27.288913	0
1	104	27.261076	22.693831	22.76168	27.283413	0
1	105	27.236927	22.737919	22.765345	27.25981	0
1	106	27.225898	22.73548	22.779736	27.258886	0
1	107	27.243851	22.706427	22.763381	27.286342	0
1	108	27.272445	22.689694	22.730323	27.307538	0
1	109	27.344321	22.612499	22.672432	27.370748	0
1	110	27.260568	22.685459	22.761864	27.292109	0
1	111	27.338605	22.609617	22.673409	27.378368	0
1	112	27.4095	22.571333	22.617023	27.402144	0
1	113	27.370071	22.583651	22.623032	27.423246	0
1	114	27.350278	22.62749	22.66772	27.354512	0
1	115	27.286139	22.674612	22.721372	27.317877	0
1	116	27.342825	22.633296	22.673518	27.350362	0
1	117	27.371701	22.595456	22.644943	27.38788	0.000019
1	118	27.37487	22.570333	22.639651	27.415146	0
1	119	27.421125	22.541035	22.601999	27.43584	0
1	120	27.427094	22.524495	22.602037	27.446374	0
1	121	27.434016	22.51562	22.575176	27.475188	0
1	122	27.467078	22.505987	22.570865	27.45607	0
1	123	27.419829	22.547573	22.558217	27.474361	0.00002
1	124	27.393175	22.566604	22.606874	27.433346	0
1	125	27.396682	22.566058	22.640006	27.397254	0
1	126	27.391096	22.561929	22.616812	27.430162	0
1	127	27.467852	22.51566	22.583054	27.433434	0
1	128	27.46859	22.527006	22.571921	27.432478	0.000005
1	129	27.463054	22.498452	22.55885	27.479644	0
1	130	27.549928	22.413265	22.48305	27.553756	0
1	131	27.540312	22.442803	22.482519	27.534365	0
1	132	27.546808	22.455334	22.463824	27.534034	0
1	133	27.423989	22.533406	22.571569	27.470929	0.000107
1	134	27.391363	22.555147	22.596386	27.457104	0
1	135	27.408703	22.562572	22.598862	27.429863	0
1	136	27.334421	22.609234	22.652885	27.403461	0
1	137	27.359898	22.612874	22.658592	27.368636	0
1	138	27.40286	22.557278	22.604748	27.434891	0.000223
1	139	27.447838	22.502162	22.549028	27.500972	0
1	140	27.506104	22.445788	22.514138	27.533971	0
1	141	27.484227	22.487506	22.523111	27.505156	0
1	142	27.48249	22.488797	22.522574	27.506139	0
1	143	27.433125	22.519691	22.56917	27.478014	0
1	144	27.413272	22.546617	22.616529	27.423567	0.000016
1	145	27.402277	22.549984	22.642905	27.404834	0
1	146	27.402789	22.546435	22.620562	27.430214	0
1	147	27.52827	22.442536	22.468035	27.561158	0
1	148	27.95721	21.999613	22.052422	27.990755	0
1	149	29.334906	20.615977	20.661232	29.387886	0
1	150	34.682272	15.25124	15.281344	34.785144	0
2	151	14.414691	35.531445	35.605513	14.447772	0.000578
2	152	26.651956	23.344625	23.37613	26.627289	0
2	153	24.789849	25.207264	25.226832	24.776055	0
2	154	24.677227	25.251876	25.339308	24.731582	0.000007
2	155	33.325707	16.598317	16.644234	33.431742	0
2	156	24.49536	25.436262	25.530257	24.538108	0.000013
2	157	24.874102	25.117195	25.148951	24.859753	0
2	158	26.452239	23.540413	23.570559	26.436789	0
2	159	18.040381	31.906591	31.966455	18.086573	0
2	160	30.0044	19.968449	19.988351	30.0388	0
2	161	21.480668	28.465845	28.530319	21.523168	0
2	162	27.292489	22.724618	22.743393	27.2395	0
2	163	22.240525	27.75905	27.771096	22.229328	0
2	164	23.312859	26.64375	26.706419	23.336971	0
2	165	25.304479	24.656549	24.710583	25.328366	0.000023
2	166	26.052703	23.901249	23.964338	26.081709	0
2	167	26.776372	23.197518	23.229125	26.796984	0
2	168	26.991711	22.986621	23.004087	27.017581	0
2	169	26.768844	23.177967	23.227942	26.825247	0
2	170	26.703019	23.265462	23.311062	26.720458	0
2	171	26.372468	23.565998	23.662166	26.399369	0
2	172	26.720684	23.243544	23.307546	26.728199	0.000026
2	173	26.412159	23.572179	23.611289	26.404369	0.000003
2	174	26.574604	23.367708	23.437608	26.62008	0
2	175	26.421915	23.543405	23.595605	26.439075	0
2	176	26.49447	23.451237	23.52543	26.528863	0
2	177	26.59044	23.371636	23.40957	26.628354	0
2	178	26.620886	23.344645	23.378521	26.655948	0
2	179	26.776441	23.166476	23.235906	26.821177	0
2	180	26.699191	23.263516	23.307157	26.730136	0
2	181	26.681681	23.260652	23.304157	26.753511	0
2	182	26.763874	23.166797	23.252539	26.816783	0.000007
2	183	26.739443	23.228838	23.266168	26.765551	0
2	184	26.789615	23.173898	23.228931	26.807556	0
2	185	26.719133	23.242684	23.299131	26.739052	0
2	186	26.836857	23.110013	23.191754	26.861375	0
2	187	26.769609	23.225749	23.258527	26.746115	0
2	188	26.843796	23.118999	23.179508	26.857696	0
2	189	26.842848	23.129342	23.188529	26.839274	0.000007
2	190	26.782978	23.175834	23.207591	26.833596	0
2	191	26.664126	23.283213	23.342879	26.709781	0
2	192	26.738316	23.225554	23.265352	26.770778	0
2	193	26.644338	23.307606	23.355721	26.692335	0
2	194	26.79254	23.163386	23.227181	26.816892	0
2	195	26.728228	23.237376	23.266922	26.767474	0
2	196	26.894667	23.054702	23.115573	26.935012	0.000045
2	197	27.044267	22.942815	22.967115	27.045803	0
2	198	26.971176	23.007843	23.027775	26.993206	0
2	199	27.001982	22.954768	23.000397	27.042854	0
2	200	26.875131	23.080337	23.153723	26.890806	0.000004
2	201	26.813568	23.145535	23.221257	26.819612	0.000029
2	202	26.857107	23.132482	23.192966	26.817013	0.000432
2	203	26.828622	23.144216	23.217998	26.80916	0.000004
2	204	26.909519	23.068079	23.102154	26.920248	0
2	205	26.930998	23.017487	23.089655	26.96186	0
2	206	26.845263	23.108023	23.193385	26.853328	0
2	207	27.039361	22.939526	22.972194	27.048919	0
2	208	27.052837	22.90955	22.960005	27.077608	0
2	209	27.019193	22.955485	22.985737	27.039461	0.000124
2	210	27.019357	22.935843	22.99056	27.054241	0
2	211	26.9555	22.981015	23.040648	27.022838	0
2	212	27.012964	22.979312	23.013599	26.993633	0.000491
2	213	27.045542	22.916092	22.996743	27.041622	0
2	214	26.946835	23.024938	23.078759	26.949394	0.000073
2	215	27.039079	22.919706	22.976629	27.064571	0.000015
2	216	26.928695	23.045321	23.100835	26.923389	0.00176
2	217	27.137089	22.847019	22.871771	27.144121	0
2	218	27.116836	22.840233	22.91263	27.129249	0.001053
2	219	26.990137	22.990498	23.00099	27.018296	0.000079
2	220	26.990863	22.991501	23.038662	26.978965	0.000008
2	221	26.952767	22.97611	23.076971	26.994152	0
2	222	27.159938	22.805443	22.868525	27.166094	0
2	223	27.011319	22.952437	23.015014	27.021218	0.000012
2	224	27.044767	22.905334	22.961654	27.088245	0
2	225	27.004234	22.976504	23.010019	27.009236	0.000008
2	226	27.044944	22.896587	22.964687	27.093754	0.000029
2	227	27.177103	22.797321	22.844331	27.181246	0
2	228	27.205189	22.768939	22.842235	27.183637	0
2	229	27.155402	22.791776	22.873102	27.17972	0
2	230	27.087403	22.865089	22.945761	27.101747	0
2	231	27.076536	22.844134	22.963072	27.116258	0
2	232	27.208811	22.782861	22.835792	27.172535	0
2	233	27.16055	22.805043	22.877327	27.157081	0
2	234	27.204633	22.739084	22.805554	27.250725	0.000004
2	235	27.174714	22.793075	22.850141	27.18207	0
2	236	27.23749	22.698339	22.763018	27.301124	0.00003
2	237	27.247828	22.747031	22.785087	27.220054	0
2	238	27.209972	22.748594	22.806739	27.234686	0.000009
2	239	27.217835	22.734044	22.814395	27.233696	0.00003
2	240	27.259096	22.695977	22.762039	27.282887	0
2	241	27.209321	22.727636	22.810929	27.252114	0
2	242	27.254422	22.722067	22.760985	27.261446	0.001081
2	243	27.135463	22.834894	22.878678	27.15086	0.000106
2	244	27.275266	22.700047	22.73223	27.290363	0.002095
2	245	27.185536	22.777871	22.815577	27.221016	0
2	246	27.322112	22.653431	22.703335	27.321122	0
2	247	27.179571	22.801241	22.836206	27.182982	0
2	248	27.192106	22.744361	22.837298	27.226217	0.000018
2	249	27.248618	22.685563	22.786869	27.27895	0
2	250	27.197911	22.757162	22.827674	27.217253	0
2	251	27.286323	22.659316	22.741877	27.312484	0
2	252	27.239446	22.715866	22.777429	27.267259	0
2	253	27.23693	22.740726	22.768406	27.253925	0.000014
2	254	27.258837	22.702009	22.749035	27.29012	0
2	255	27.235293	22.710917	22.773408	27.280381	0
2	256	27.22886	22.750176	22.791084	27.229881	0
2	257	27.245356	22.705608	22.778134	27.270832	0.00007
2	258	27.277049	22.689464	22.742314	27.291173	0
2	259	27.324995	22.629071	22.672698	27.373231	0.000005
2	260	27.261424	22.692908	22.740801	27.304867	0
2	261	27.328685	22.625073	22.68115	27.365092	0
2	262	27.412508	22.571534	22.622055	27.393904	0
2	263	27.392968	22.571181	22.626278	27.409544	0.000029
2	264	27.351949	22.615489	22.649066	27.383439	0.000058
2	265	27.344076	22.647188	22.684233	27.324263	0.000241
2	266	27.378001	22.601647	22.644767	27.375585	0
2	267	27.409375	22.583686	22.618631	27.388307	0
2	268	27.419662	22.545675	22.608816	27.425847	0
2	269	27.4316	22.538784	22.592992	27.436615	0.00001
2	270	27.420088	22.518671	22.616703	27.443436	0.001102
2	271	27.444652	22.498766	22.567829	27.488753	0
2	272	27.475002	22.502627	22.548248	27.474124	0
2	273	27.461595	22.528557	22.53753	27.472319	0
2	274	27.422954	22.562577	22.568385	27.446084	0
2	275	27.403764	22.564757	22.622569	27.40891	0
2	276	27.418258	22.522225	22.607088	27.452415	0.000015
2	277	27.492988	22.507095	22.544406	27.455511	0
2	278	27.497744	22.477617	22.537521	27.487118	0
2	279	27.489699	22.471073	22.557711	27.481517	0
2	280	27.552409	22.407307	22.459105	27.581179	0
2	281	27.525325	22.436376	22.496402	27.541897	0
2	282	27.539375	22.43577	22.486742	27.538112	0
2	283	27.419114	22.530534	22.573633	27.476719	0
2	284	27.393856	22.552764	22.591631	27.461749	0
2	285	27.397454	22.569521	22.590695	27.44233	0
2	286	27.354237	22.60298	22.647163	27.395614	0.000005
2	287	27.420603	22.578491	22.621189	27.379716	0
2	288	27.443936	22.509497	22.569426	27.477109	0.000031
2	289	27.496135	22.463404	22.509743	27.530717	0
2	290	27.563634	22.423474	22.460392	27.5525	0
2	291	27.525923	22.449142	22.483292	27.541644	0
2	292	27.508084	22.471786	22.504946	27.510181	0.005002
2	293	27.447619	22.512064	22.546183	27.493923	0.000211
2	294	27.435369	22.525718	22.560697	27.47821	0.000005
2	295	27.42618	22.533919	22.574111	27.465699	0.00009
2	296	27.437197	22.5264	22.579772	27.45663	0
2	297	27.578299	22.401777	22.416579	27.603345	0
2	298	28.037049	21.912559	21.988189	28.062203	0
2	299	29.413019	20.530415	20.59285	29.463716	0
2	300	34.933288	14.97974	15.036788	35.050184	0


