## htsjdk.samtools.metrics.StringHeader
# CollectMultipleMetrics INPUT=IK1_R2.mLb.clN.sorted.bam OUTPUT=IK1_R2.mLb.clN.CollectMultipleMetrics TMP_DIR=[tmp] VALIDATION_STRINGENCY=LENIENT REFERENCE_SEQUENCE=genome.fa    ASSUME_SORTED=true STOP_AFTER=0 METRIC_ACCUMULATION_LEVEL=[ALL_READS] PROGRAM=[CollectAlignmentSummaryMetrics, CollectBaseDistributionByCycle, CollectInsertSizeMetrics, MeanQualityByCycle, QualityScoreDistribution] INCLUDE_UNPAIRED=false VERBOSITY=INFO QUIET=false COMPRESSION_LEVEL=5 MAX_RECORDS_IN_RAM=500000 CREATE_INDEX=false CREATE_MD5_FILE=false GA4GH_CLIENT_SECRETS=client_secrets.json USE_JDK_DEFLATER=false USE_JDK_INFLATER=false
## htsjdk.samtools.metrics.StringHeader
# Started on: Fri Feb 25 08:39:15 UTC 2022

## METRICS CLASS	picard.analysis.BaseDistributionByCycleMetrics
READ_END	CYCLE	PCT_A	PCT_C	PCT_G	PCT_T	PCT_N
1	1	14.965077	34.95273	35.022905	14.988122	0.071167
1	2	26.850943	23.143434	23.170359	26.833143	0.00212
1	3	24.467911	25.511146	25.549761	24.460578	0.010603
1	4	24.437196	25.484931	25.583189	24.494525	0.000159
1	5	33.516646	16.425291	16.493606	33.563912	0.000545
1	6	24.335837	25.598249	25.700838	24.365067	0.00001
1	7	24.44238	25.546535	25.595192	24.415892	0
1	8	26.229549	23.761139	23.825272	26.18404	0
1	9	17.966715	31.993116	32.045261	17.994908	0
1	10	29.409653	20.567398	20.601834	29.421116	0
1	11	21.208922	28.761953	28.821191	21.207343	0.00059
1	12	26.767361	23.236054	23.25045	26.746134	0
1	13	21.789747	28.193074	28.244908	21.772271	0
1	14	22.93901	27.016481	27.062927	22.981582	0
1	15	24.983099	24.985462	25.046227	24.985212	0
1	16	25.741014	24.189613	24.285296	25.784076	0
1	17	26.485561	23.499285	23.511717	26.501724	0.001712
1	18	26.674141	23.308126	23.344899	26.672834	0
1	19	26.454652	23.503033	23.553534	26.48878	0
1	20	26.410151	23.540801	23.622627	26.426421	0
1	21	26.074086	23.864032	23.939926	26.121956	0
1	22	26.415724	23.561524	23.597001	26.425469	0.000282
1	23	26.139957	23.843687	23.90141	26.114947	0
1	24	26.309471	23.650332	23.729474	26.310696	0.000026
1	25	26.210885	23.7766	23.837411	26.175104	0
1	26	26.270111	23.672593	23.759273	26.298014	0.00001
1	27	26.382129	23.595126	23.651652	26.371093	0
1	28	26.436716	23.52577	23.599375	26.43814	0
1	29	26.587565	23.359945	23.439999	26.611716	0.000775
1	30	26.515487	23.463616	23.492601	26.528282	0.000013
1	31	26.439879	23.520024	23.558904	26.481194	0
1	32	26.499917	23.448375	23.51124	26.540466	0.000003
1	33	26.477282	23.495115	23.54524	26.482364	0
1	34	26.498899	23.44094	23.522103	26.538058	0
1	35	26.429544	23.529521	23.59428	26.446654	0
1	36	26.54431	23.411898	23.487931	26.555861	0
1	37	26.505743	23.472733	23.522231	26.499292	0
1	38	26.612605	23.353097	23.39803	26.636268	0
1	39	26.627793	23.336065	23.392041	26.644102	0
1	40	26.580509	23.370537	23.408055	26.640898	0
1	41	26.520491	23.426025	23.503557	26.549928	0
1	42	26.543931	23.427411	23.497967	26.52699	0.003701
1	43	26.397692	23.574261	23.60287	26.425177	0
1	44	26.489861	23.458145	23.531216	26.520778	0
1	45	26.446825	23.52342	23.564824	26.464928	0.000003
1	46	26.584754	23.383921	23.433683	26.597642	0
1	47	26.726024	23.262808	23.303006	26.708159	0.000003
1	48	26.696343	23.293476	23.319649	26.690532	0
1	49	26.720522	23.226591	23.305155	26.747732	0
1	50	26.646119	23.313546	23.385802	26.654533	0
1	51	26.616335	23.333649	23.412488	26.637528	0
1	52	26.630514	23.35377	23.405493	26.610223	0
1	53	26.598198	23.380994	23.447768	26.57304	0
1	54	26.623175	23.326282	23.38738	26.663163	0
1	55	26.628302	23.32894	23.374027	26.668731	0
1	56	26.555395	23.411546	23.478955	26.554103	0
1	57	26.723163	23.254075	23.295856	26.726907	0
1	58	26.76545	23.208439	23.247996	26.778114	0
1	59	26.713781	23.247296	23.299372	26.739551	0
1	60	26.741539	23.205344	23.273998	26.779104	0.000015
1	61	26.701587	23.246642	23.300406	26.751365	0
1	62	26.745619	23.222015	23.283093	26.749273	0
1	63	26.751435	23.209466	23.296162	26.742926	0.000011
1	64	26.669801	23.307316	23.343611	26.679272	0
1	65	26.74495	23.236291	23.264284	26.754475	0
1	66	26.624205	23.337855	23.369567	26.668373	0
1	67	26.846294	23.129772	23.156924	26.866987	0.000023
1	68	26.865194	23.093822	23.139678	26.900351	0.000955
1	69	26.754241	23.208201	23.261739	26.77582	0
1	70	26.753619	23.219823	23.264589	26.761969	0
1	71	26.743772	23.189996	23.279014	26.787218	0
1	72	26.960956	23.00453	23.066155	26.968359	0
1	73	26.777153	23.176697	23.234826	26.811324	0
1	74	26.806197	23.182091	23.189679	26.822032	0
1	75	26.763481	23.201015	23.23754	26.797963	0
1	76	26.749978	23.198693	23.248682	26.802646	0
1	77	26.909501	23.070435	23.130839	26.889226	0
1	78	26.884626	23.106686	23.143882	26.864806	0
1	79	26.903665	23.042667	23.108403	26.945265	0
1	80	26.88085	23.103628	23.152406	26.863115	0
1	81	26.845572	23.074596	23.182652	26.897084	0.000095
1	82	27.031704	22.96084	23.005854	27.001602	0
1	83	26.929924	23.037904	23.084426	26.947746	0
1	84	26.974642	23.009429	23.016388	26.999541	0
1	85	26.960583	23.015805	23.045021	26.978586	0.000004
1	86	26.972203	22.966267	23.033773	27.027757	0
1	87	27.009703	22.971261	23.034806	26.984055	0.000175
1	88	26.900493	23.059541	23.10318	26.936785	0
1	89	26.95851	22.982439	23.05359	27.00546	0
1	90	27.050901	22.925236	22.957382	27.066482	0
1	91	27.018839	22.922172	22.983918	27.075071	0
1	92	26.950518	23.039784	23.080869	26.928715	0.000114
1	93	26.882807	23.08236	23.117257	26.917558	0.000018
1	94	26.978605	22.976359	23.035953	27.009083	0
1	95	26.922304	23.04271	23.069958	26.965027	0
1	96	27.024219	22.968745	22.969375	27.037661	0
1	97	26.958183	23.026674	23.061512	26.953631	0
1	98	26.932069	23.029753	23.099595	26.938583	0
1	99	26.942403	23.008083	23.050118	26.999396	0
1	100	26.944786	23.013853	23.064503	26.976857	0
1	101	27.041592	22.921017	22.961397	27.075995	0
1	102	27.041841	22.93854	22.966801	27.052817	0
1	103	27.043504	22.930694	22.96616	27.059642	0
1	104	27.052032	22.905406	22.964966	27.077595	0
1	105	27.02109	22.952805	22.992184	27.03374	0.000181
1	106	26.999417	22.951928	23.010712	27.037944	0
1	107	27.0309	22.940511	22.975358	27.053231	0
1	108	27.051105	22.916304	22.936326	27.096266	0
1	109	27.084479	22.846104	22.917304	27.152113	0
1	110	27.081384	22.880194	22.943378	27.095044	0
1	111	27.113921	22.819799	22.888084	27.178196	0
1	112	27.217984	22.785296	22.802325	27.194395	0
1	113	27.185751	22.809612	22.805879	27.198758	0
1	114	27.142055	22.837289	22.860594	27.160062	0
1	115	27.089866	22.899568	22.916161	27.094405	0
1	116	27.122254	22.84914	22.898129	27.130476	0
1	117	27.171337	22.830874	22.8591	27.138621	0.000068
1	118	27.193046	22.784466	22.833219	27.189156	0.000113
1	119	27.235941	22.742232	22.789131	27.232696	0
1	120	27.22168	22.734285	22.796727	27.247307	0
1	121	27.233141	22.725051	22.759729	27.282079	0
1	122	27.275673	22.719269	22.734142	27.270916	0
1	123	27.257511	22.720395	22.744162	27.277862	0.00007
1	124	27.207122	22.760247	22.80425	27.22838	0
1	125	27.199874	22.799211	22.81757	27.183345	0
1	126	27.155299	22.793173	22.847512	27.204016	0
1	127	27.236316	22.752676	22.794403	27.216605	0
1	128	27.253652	22.74606	22.778156	27.222132	0
1	129	27.2617	22.710044	22.749354	27.278903	0
1	130	27.331681	22.639476	22.69858	27.330264	0
1	131	27.32325	22.661711	22.684773	27.33026	0.000005
1	132	27.357501	22.630135	22.63704	27.375324	0
1	133	27.283254	22.700469	22.722146	27.294131	0
1	134	27.239861	22.696992	22.765174	27.297973	0
1	135	27.200839	22.757795	22.806593	27.234772	0
1	136	27.135493	22.83151	22.844373	27.188624	0
1	137	27.172516	22.838656	22.838125	27.150702	0
1	138	27.200862	22.773215	22.799571	27.226183	0.000169
1	139	27.248427	22.691331	22.74637	27.313872	0
1	140	27.329748	22.658027	22.681626	27.330599	0
1	141	27.298425	22.660627	22.684947	27.356	0
1	142	27.31773	22.6543	22.68676	27.34121	0
1	143	27.280568	22.678511	22.713718	27.327202	0
1	144	27.284234	22.681801	22.738852	27.295102	0.000011
1	145	27.247588	22.714574	22.778281	27.259557	0
1	146	27.238277	22.72186	22.791286	27.248576	0
1	147	27.364184	22.611645	22.653624	27.370547	0
1	148	27.752879	22.186542	22.239454	27.821125	0
1	149	29.123804	20.83737	20.864553	29.174274	0
1	150	34.631867	15.292164	15.338168	34.737802	0
2	151	14.880814	35.07588	35.151488	14.890937	0.000882
2	152	26.822867	23.177325	23.213522	26.786253	0.000032
2	153	24.548482	25.445062	25.496967	24.509488	0
2	154	24.511138	25.422377	25.520398	24.546087	0
2	155	33.586335	16.362105	16.420445	33.631115	0
2	156	24.377557	25.559593	25.634572	24.428279	0
2	157	24.495922	25.474872	25.533258	24.495948	0
2	158	26.245058	23.74884	23.808739	26.197363	0
2	159	17.881664	32.052607	32.144938	17.920791	0
2	160	29.477484	20.495923	20.548937	29.477656	0
2	161	21.234651	28.733822	28.77775	21.253777	0
2	162	26.791829	23.212504	23.243893	26.751775	0
2	163	21.861753	28.113453	28.175255	21.849539	0
2	164	22.995612	26.955486	27.025133	23.023769	0
2	165	25.000036	24.960991	25.021379	25.017574	0.000019
2	166	25.757641	24.196838	24.259593	25.785927	0
2	167	26.503027	23.487807	23.508965	26.500197	0.000003
2	168	26.673567	23.303348	23.31365	26.709436	0
2	169	26.470371	23.461426	23.537981	26.530222	0
2	170	26.443806	23.522564	23.573834	26.459797	0
2	171	26.131761	23.804788	23.909057	26.154394	0
2	172	26.461961	23.5103	23.555645	26.471964	0.00013
2	173	26.167852	23.806908	23.854506	26.170731	0.000003
2	174	26.337134	23.625183	23.691303	26.34638	0
2	175	26.224825	23.771713	23.801884	26.201578	0
2	176	26.272879	23.675903	23.738502	26.312716	0
2	177	26.399661	23.576236	23.638578	26.385525	0
2	178	26.425375	23.517145	23.590951	26.466529	0
2	179	26.592121	23.367757	23.419792	26.62033	0
2	180	26.513005	23.453384	23.482063	26.551548	0
2	181	26.457284	23.474259	23.547424	26.521034	0
2	182	26.522951	23.405296	23.490645	26.581109	0
2	183	26.499611	23.469144	23.518508	26.512737	0
2	184	26.536962	23.427188	23.483077	26.552773	0
2	185	26.444499	23.515425	23.579653	26.460422	0
2	186	26.533253	23.399121	23.479488	26.588138	0
2	187	26.503704	23.486372	23.511099	26.498826	0
2	188	26.625251	23.34758	23.405686	26.621483	0
2	189	26.646267	23.310696	23.395588	26.647436	0.000013
2	190	26.604199	23.342114	23.400675	26.653008	0.000003
2	191	26.532816	23.429064	23.483151	26.55497	0
2	192	26.556276	23.414631	23.46951	26.559583	0
2	193	26.426089	23.550632	23.588215	26.435054	0.00001
2	194	26.523932	23.441058	23.502054	26.532956	0
2	195	26.452848	23.50476	23.557486	26.484906	0
2	196	26.60383	23.362837	23.419541	26.61357	0.000222
2	197	26.711566	23.26229	23.301014	26.72513	0
2	198	26.678748	23.289555	23.337741	26.693957	0
2	199	26.717011	23.237085	23.29832	26.747584	0
2	200	26.646717	23.331215	23.372851	26.649217	0
2	201	26.621976	23.344998	23.41403	26.618993	0.000004
2	202	26.643442	23.341356	23.391142	26.623274	0.000786
2	203	26.604904	23.3607	23.437974	26.596423	0
2	204	26.649069	23.325021	23.386907	26.639003	0
2	205	26.647908	23.299776	23.380763	26.671553	0
2	206	26.561496	23.395765	23.486862	26.555877	0
2	207	26.72542	23.252668	23.288346	26.733566	0
2	208	26.762012	23.204945	23.248252	26.78479	0
2	209	26.7132	23.230178	23.311128	26.745458	0.000037
2	210	26.725182	23.223372	23.284586	26.766861	0
2	211	26.727034	23.246815	23.284237	26.741915	0
2	212	26.75113	23.239896	23.25574	26.753026	0.000209
2	213	26.762931	23.218554	23.269526	26.748989	0
2	214	26.662023	23.297392	23.353063	26.686823	0.000699
2	215	26.758969	23.213654	23.276819	26.75046	0.000099
2	216	26.647005	23.326557	23.365928	26.65949	0.001021
2	217	26.855422	23.126752	23.164502	26.853323	0
2	218	26.848732	23.105015	23.170333	26.875433	0.000487
2	219	26.75373	23.228085	23.24675	26.771435	0
2	220	26.733104	23.23084	23.288276	26.747764	0.000016
2	221	26.72479	23.208978	23.305544	26.760689	0
2	222	26.897458	23.086521	23.132773	26.883249	0
2	223	26.774201	23.206668	23.24094	26.778191	0
2	224	26.784993	23.163237	23.227326	26.824444	0
2	225	26.724807	23.238643	23.281906	26.754644	0
2	226	26.752367	23.185953	23.249768	26.811864	0.000048
2	227	26.908151	23.075836	23.126164	26.889849	0
2	228	26.909703	23.044121	23.101791	26.944384	0
2	229	26.859173	23.077095	23.129749	26.933978	0.000004
2	230	26.864684	23.101128	23.187794	26.846394	0
2	231	26.84826	23.086735	23.187534	26.877471	0
2	232	26.960103	23.023192	23.086848	26.929857	0
2	233	26.902693	23.054347	23.114233	26.928723	0.000004
2	234	26.942207	23.004159	23.066365	26.987265	0.000004
2	235	26.912181	23.0594	23.091601	26.936818	0
2	236	26.955698	22.989718	23.05532	26.999252	0.000013
2	237	26.962598	23.043893	23.050394	26.943115	0
2	238	26.970754	23.019027	23.035629	26.974095	0.000494
2	239	26.955356	23.021925	23.054237	26.96846	0.000022
2	240	27.033171	22.93237	22.985976	27.048483	0
2	241	26.972834	22.963114	23.03989	27.024163	0
2	242	27.036903	22.96707	22.980717	27.014014	0.001296
2	243	26.909984	23.077156	23.105573	26.906966	0.000321
2	244	27.000843	22.952024	23.013932	27.032096	0.001105
2	245	26.953682	23.012686	23.066869	26.966762	0
2	246	27.034759	22.928226	22.971484	27.065531	0
2	247	26.921372	23.057859	23.09378	26.926989	0
2	248	26.970783	23.002716	23.069913	26.956542	0.000045
2	249	26.98899	22.9428	23.041542	27.026668	0
2	250	26.954514	22.977303	23.078771	26.989412	0
2	251	27.046363	22.903753	22.95968	27.090204	0
2	252	26.994622	22.975032	23.036907	26.993438	0
2	253	26.995455	22.988686	23.015684	27.000152	0.000023
2	254	27.010914	22.953258	23.003026	27.032802	0
2	255	26.990495	22.99215	23.009368	27.007987	0
2	256	26.963935	22.983736	23.049981	27.002338	0.000009
2	257	27.014747	22.962988	22.992715	27.029526	0.000023
2	258	27.006964	22.953203	22.984564	27.055269	0
2	259	27.08743	22.876671	22.928686	27.107212	0
2	260	27.048755	22.895616	22.959072	27.096552	0.000005
2	261	27.09856	22.83456	22.904741	27.162139	0
2	262	27.162841	22.812199	22.840279	27.184677	0.000005
2	263	27.160566	22.824244	22.832115	27.183076	0
2	264	27.110725	22.855846	22.886804	27.146601	0.000024
2	265	27.087446	22.880544	22.943884	27.08733	0.000796
2	266	27.126965	22.855235	22.879539	27.138262	0
2	267	27.135963	22.845182	22.872662	27.146193	0
2	268	27.170736	22.793439	22.862961	27.172864	0
2	269	27.205344	22.781831	22.817593	27.195114	0.000118
2	270	27.190573	22.755583	22.8177	27.234164	0.00198
2	271	27.225916	22.732008	22.773965	27.268111	0
2	272	27.260025	22.74832	22.763793	27.227862	0
2	273	27.255794	22.726053	22.75716	27.260993	0
2	274	27.200434	22.785468	22.791138	27.22296	0
2	275	27.163414	22.826685	22.830914	27.178987	0
2	276	27.169819	22.778572	22.849345	27.202265	0
2	277	27.23296	22.763288	22.800493	27.203259	0
2	278	27.244626	22.736483	22.768797	27.250094	0
2	279	27.250059	22.718274	22.78405	27.247617	0
2	280	27.323235	22.64453	22.69258	27.339655	0
2	281	27.326058	22.666173	22.68151	27.326254	0.000005
2	282	27.33417	22.66462	22.663668	27.337543	0
2	283	27.252688	22.724901	22.756193	27.266219	0
2	284	27.242883	22.729495	22.767241	27.260366	0.000016
2	285	27.178983	22.768478	22.805075	27.247464	0
2	286	27.12104	22.838935	22.851197	27.188817	0.00001
2	287	27.162906	22.831204	22.843984	27.161732	0.000174
2	288	27.203887	22.776937	22.797487	27.221383	0.000306
2	289	27.261715	22.678978	22.760323	27.298984	0
2	290	27.332807	22.64116	22.682129	27.343883	0.000021
2	291	27.313813	22.672003	22.690057	27.324127	0
2	292	27.320629	22.667914	22.68891	27.318637	0.00391
2	293	27.285391	22.68587	22.717369	27.31129	0.000081
2	294	27.261966	22.698905	22.761977	27.277136	0.000016
2	295	27.277032	22.699175	22.775279	27.248514	0
2	296	27.241979	22.716954	22.773709	27.267357	0
2	297	27.365268	22.597838	22.653108	27.383786	0
2	298	27.786613	22.156541	22.216071	27.840775	0
2	299	29.155121	20.808003	20.827396	29.209479	0
2	300	34.787122	15.176976	15.20687	34.829031	0


