## htsjdk.samtools.metrics.StringHeader
# CollectMultipleMetrics INPUT=IK24_R1.mLb.clN.sorted.bam OUTPUT=IK24_R1.mLb.clN.CollectMultipleMetrics TMP_DIR=[tmp] VALIDATION_STRINGENCY=LENIENT REFERENCE_SEQUENCE=genome.fa    ASSUME_SORTED=true STOP_AFTER=0 METRIC_ACCUMULATION_LEVEL=[ALL_READS] PROGRAM=[CollectAlignmentSummaryMetrics, CollectBaseDistributionByCycle, CollectInsertSizeMetrics, MeanQualityByCycle, QualityScoreDistribution] INCLUDE_UNPAIRED=false VERBOSITY=INFO QUIET=false COMPRESSION_LEVEL=5 MAX_RECORDS_IN_RAM=500000 CREATE_INDEX=false CREATE_MD5_FILE=false GA4GH_CLIENT_SECRETS=client_secrets.json USE_JDK_DEFLATER=false USE_JDK_INFLATER=false
## htsjdk.samtools.metrics.StringHeader
# Started on: Fri Feb 25 09:55:00 UTC 2022

## METRICS CLASS	picard.analysis.BaseDistributionByCycleMetrics
READ_END	CYCLE	PCT_A	PCT_C	PCT_G	PCT_T	PCT_N
1	1	14.907703	35.024265	35.0848	14.914006	0.069226
1	2	26.67855	23.289143	23.327508	26.704537	0.000262
1	3	24.242143	25.718971	25.784198	24.242771	0.011917
1	4	24.16891	25.781748	25.845005	24.204143	0.000194
1	5	33.618434	16.327404	16.384097	33.668276	0.001789
1	6	24.176558	25.767449	25.838983	24.21701	0
1	7	24.214381	25.749376	25.793469	24.242774	0
1	8	26.063689	23.914132	23.961673	26.060507	0
1	9	17.667147	32.278155	32.361537	17.693161	0
1	10	29.35432	20.630154	20.655668	29.359858	0
1	11	20.943214	29.024443	29.088212	20.944122	0.000009
1	12	26.605383	23.413108	23.418913	26.562596	0
1	13	21.361017	28.623148	28.67436	21.341475	0
1	14	22.582683	27.358478	27.433346	22.625493	0
1	15	24.623979	25.339453	25.388837	24.64773	0
1	16	25.41759	24.517629	24.59369	25.471091	0
1	17	26.168759	23.791857	23.825221	26.213338	0.000825
1	18	26.293528	23.682968	23.702066	26.321438	0
1	19	26.08789	23.857871	23.926484	26.127756	0
1	20	26.024928	23.938654	23.990223	26.046196	0
1	21	25.714707	24.2322	24.317009	25.736083	0
1	22	26.023076	23.946007	23.985865	26.044707	0.000345
1	23	25.729355	24.239419	24.293532	25.737694	0
1	24	25.902983	24.0554	24.125299	25.916241	0.000077
1	25	25.8065	24.191126	24.234787	25.767587	0
1	26	25.839215	24.096606	24.178138	25.88604	0
1	27	25.976291	24.011129	24.038962	25.973619	0
1	28	26.003709	23.963242	24.005145	26.027904	0
1	29	26.180461	23.789591	23.845642	26.183903	0.000402
1	30	26.112527	23.883754	23.891328	26.112384	0.000006
1	31	26.031055	23.919763	23.965535	26.083646	0
1	32	26.109176	23.828476	23.913776	26.148565	0.000006
1	33	26.069249	23.879386	23.933253	26.118113	0
1	34	26.103695	23.834759	23.90207	26.159476	0
1	35	26.05432	23.910248	23.967959	26.067473	0
1	36	26.169374	23.781606	23.853665	26.195354	0
1	37	26.130676	23.82478	23.901684	26.14286	0
1	38	26.219273	23.737207	23.794694	26.248826	0
1	39	26.246488	23.718753	23.780391	26.254368	0
1	40	26.207667	23.756923	23.778974	26.256432	0.000003
1	41	26.131259	23.814151	23.882501	26.172088	0
1	42	26.130596	23.839301	23.873857	26.153616	0.00263
1	43	26.005786	23.953124	24.009664	26.031413	0.000012
1	44	26.103668	23.842054	23.923662	26.130609	0.000006
1	45	26.058931	23.908467	23.93652	26.096081	0
1	46	26.195126	23.758804	23.806345	26.239724	0
1	47	26.365428	23.622445	23.660891	26.351237	0
1	48	26.308468	23.663602	23.697988	26.329942	0
1	49	26.365769	23.603385	23.66713	26.363716	0
1	50	26.2495	23.706014	23.771767	26.27272	0
1	51	26.220632	23.734866	23.803989	26.240513	0
1	52	26.214803	23.772363	23.800877	26.211934	0.000022
1	53	26.184519	23.776696	23.840798	26.197988	0
1	54	26.26507	23.712849	23.746561	26.27552	0
1	55	26.272503	23.688172	23.744117	26.295208	0
1	56	26.16184	23.807313	23.851473	26.179374	0
1	57	26.329507	23.657375	23.675102	26.338016	0
1	58	26.386471	23.579722	23.631326	26.402482	0
1	59	26.33716	23.620383	23.677443	26.365014	0
1	60	26.335999	23.628079	23.677506	26.358416	0
1	61	26.307825	23.661775	23.687911	26.342489	0
1	62	26.335215	23.652062	23.667639	26.345084	0
1	63	26.335512	23.626009	23.68088	26.357598	0
1	64	26.275439	23.711078	23.757778	26.255705	0
1	65	26.328894	23.621126	23.693576	26.356404	0
1	66	26.257022	23.714566	23.762939	26.265473	0
1	67	26.45388	23.531924	23.56181	26.452372	0.000014
1	68	26.463873	23.504415	23.547359	26.484027	0.000326
1	69	26.32718	23.641179	23.675931	26.35571	0
1	70	26.356165	23.614091	23.679307	26.350437	0
1	71	26.319949	23.609366	23.686599	26.384085	0
1	72	26.562328	23.402569	23.458707	26.576396	0
1	73	26.367487	23.596981	23.638706	26.396827	0
1	74	26.366108	23.599769	23.641407	26.392709	0.000007
1	75	26.346823	23.603972	23.670796	26.378408	0
1	76	26.325204	23.605919	23.681953	26.386923	0
1	77	26.454219	23.533137	23.554973	26.457671	0
1	78	26.392472	23.596359	23.611336	26.399833	0
1	79	26.467781	23.506624	23.52897	26.496625	0
1	80	26.4314	23.539359	23.596619	26.432622	0
1	81	26.439544	23.512855	23.587184	26.460402	0.000015
1	82	26.584184	23.388086	23.451983	26.575747	0
1	83	26.503186	23.460565	23.522488	26.513761	0
1	84	26.526958	23.453445	23.46003	26.559566	0
1	85	26.521672	23.449427	23.488329	26.540568	0.000004
1	86	26.540683	23.394607	23.46899	26.59572	0
1	87	26.546549	23.451281	23.471025	26.531146	0
1	88	26.421271	23.54578	23.586679	26.44627	0
1	89	26.535202	23.439662	23.475628	26.549508	0
1	90	26.596876	23.381892	23.418058	26.603174	0
1	91	26.577621	23.385781	23.417746	26.618852	0
1	92	26.430716	23.555806	23.586448	26.427015	0.000015
1	93	26.418143	23.552267	23.575885	26.453635	0.00007
1	94	26.527881	23.43972	23.480335	26.552064	0
1	95	26.463501	23.504071	23.533312	26.499117	0
1	96	26.545835	23.421107	23.455994	26.577065	0
1	97	26.480193	23.505203	23.526	26.488604	0
1	98	26.427935	23.522008	23.576496	26.47356	0
1	99	26.417813	23.53285	23.595622	26.453716	0
1	100	26.42058	23.519548	23.58079	26.479082	0
1	101	26.537918	23.408278	23.458894	26.59491	0
1	102	26.526078	23.434217	23.470779	26.568926	0
1	103	26.534231	23.446707	23.472346	26.546715	0
1	104	26.551269	23.416685	23.475662	26.556384	0
1	105	26.531138	23.456508	23.470294	26.54206	0
1	106	26.49813	23.438292	23.507222	26.556356	0
1	107	26.548718	23.427126	23.46272	26.561437	0
1	108	26.543244	23.402419	23.446064	26.608273	0
1	109	26.598998	23.353964	23.396397	26.650642	0
1	110	26.561374	23.388963	23.429171	26.620492	0
1	111	26.644272	23.3143	23.358521	26.682907	0
1	112	26.681569	23.275885	23.319696	26.72285	0
1	113	26.680077	23.285006	23.335279	26.699638	0
1	114	26.616453	23.361161	23.396955	26.625431	0
1	115	26.566665	23.417417	23.453497	26.562421	0
1	116	26.618478	23.347882	23.407405	26.626235	0
1	117	26.654058	23.322152	23.374718	26.649063	0.000009
1	118	26.678746	23.285975	23.344118	26.691161	0
1	119	26.735001	23.242758	23.289162	26.733075	0.000004
1	120	26.738885	23.231984	23.303346	26.725785	0
1	121	26.75296	23.21895	23.260472	26.767617	0
1	122	26.783729	23.212749	23.219849	26.783673	0
1	123	26.740932	23.2401	23.256992	26.761967	0.000009
1	124	26.710858	23.277893	23.279283	26.731966	0
1	125	26.693784	23.305246	23.302115	26.698854	0
1	126	26.644641	23.303526	23.343627	26.708206	0
1	127	26.721525	23.253996	23.310636	26.713843	0
1	128	26.725819	23.230705	23.293552	26.749924	0
1	129	26.774556	23.184623	23.26196	26.778861	0
1	130	26.847589	23.119562	23.179937	26.852912	0
1	131	26.840828	23.138987	23.16559	26.854595	0
1	132	26.850748	23.135945	23.142265	26.871042	0
1	133	26.780088	23.199074	23.228216	26.792563	0.000059
1	134	26.713142	23.230893	23.298294	26.757671	0
1	135	26.711199	23.257768	23.295945	26.735088	0
1	136	26.646862	23.3165	23.330828	26.705811	0
1	137	26.64758	23.328883	23.352701	26.670837	0
1	138	26.675318	23.302045	23.318175	26.704256	0.000206
1	139	26.73682	23.220282	23.265397	26.777501	0
1	140	26.818732	23.164844	23.186354	26.830071	0
1	141	26.790248	23.172365	23.201811	26.835576	0
1	142	26.809561	23.165331	23.20462	26.820488	0
1	143	26.763201	23.201911	23.231292	26.803597	0
1	144	26.733835	23.220641	23.287489	26.758035	0
1	145	26.723218	23.245345	23.300357	26.73108	0
1	146	26.71557	23.244638	23.29567	26.744122	0
1	147	26.822447	23.140195	23.187706	26.849652	0
1	148	27.246079	22.702511	22.76263	27.28878	0
1	149	28.593929	21.368262	21.42427	28.613539	0
1	150	33.927479	16.007113	16.055452	34.009956	0
2	151	14.802613	35.144905	35.247027	14.804887	0.000569
2	152	26.701244	23.268529	23.315278	26.714948	0
2	153	24.358883	25.621094	25.663401	24.356623	0
2	154	24.286191	25.649164	25.713728	24.350907	0.000009
2	155	33.714593	16.235827	16.295791	33.753789	0
2	156	24.257433	25.664199	25.766503	24.311854	0.000012
2	157	24.339579	25.63995	25.690555	24.329916	0
2	158	26.118354	23.872596	23.917838	26.091212	0
2	159	17.647138	32.307831	32.374118	17.670913	0
2	160	29.435127	20.541476	20.574525	29.448872	0
2	161	21.014968	28.954624	29.006327	21.024081	0
2	162	26.644022	23.355639	23.376856	26.623483	0
2	163	21.478168	28.493014	28.554702	21.474116	0
2	164	22.662483	27.280232	27.350104	22.707181	0
2	165	24.702848	25.243809	25.323365	24.729966	0.000012
2	166	25.485896	24.459335	24.529493	25.525276	0
2	167	26.217818	23.738907	23.768047	26.275228	0
2	168	26.358949	23.626716	23.638973	26.375362	0
2	169	26.160051	23.799455	23.852	26.188494	0
2	170	26.097786	23.869559	23.934959	26.097696	0
2	171	25.78046	24.159587	24.26288	25.797072	0
2	172	26.101209	23.862859	23.908445	26.127473	0.000015
2	173	25.823166	24.155016	24.209983	25.811835	0
2	174	25.987992	23.971049	24.038789	26.002169	0
2	175	25.872977	24.120249	24.154595	25.852178	0
2	176	25.887958	24.050683	24.123804	25.937555	0
2	177	26.011998	23.950343	23.99589	26.041769	0
2	178	26.052223	23.883969	23.955697	26.108111	0
2	179	26.20633	23.765613	23.797857	26.2302	0
2	180	26.140098	23.821256	23.878014	26.160632	0
2	181	26.105361	23.845591	23.911336	26.137712	0
2	182	26.162029	23.786001	23.851137	26.200833	0
2	183	26.139443	23.826553	23.885121	26.148883	0
2	184	26.173454	23.773513	23.831181	26.221852	0
2	185	26.12816	23.834092	23.893605	26.144143	0
2	186	26.226996	23.740529	23.785092	26.247383	0
2	187	26.18157	23.790023	23.846703	26.181704	0
2	188	26.268911	23.686895	23.749561	26.294634	0
2	189	26.271941	23.676675	23.753972	26.297397	0.000015
2	190	26.270789	23.696101	23.745123	26.287988	0
2	191	26.190496	23.77279	23.827799	26.208914	0
2	192	26.181306	23.791687	23.82669	26.200318	0
2	193	26.063407	23.900017	23.94867	26.087906	0
2	194	26.165795	23.791105	23.845585	26.197514	0
2	195	26.128781	23.831002	23.870345	26.169872	0
2	196	26.286575	23.685651	23.720486	26.307226	0.000062
2	197	26.390728	23.581105	23.604959	26.423207	0
2	198	26.348261	23.618118	23.659709	26.373913	0
2	199	26.404093	23.555897	23.618011	26.422	0
2	200	26.307876	23.673984	23.722156	26.295984	0
2	201	26.262296	23.676688	23.768568	26.292419	0.000029
2	202	26.258271	23.699113	23.764769	26.277395	0.000452
2	203	26.247497	23.708222	23.813094	26.231187	0
2	204	26.30312	23.656005	23.716502	26.32437	0.000003
2	205	26.305719	23.660384	23.697403	26.336494	0
2	206	26.23234	23.729178	23.792457	26.246024	0
2	207	26.402059	23.581888	23.616498	26.399554	0
2	208	26.409329	23.559553	23.587099	26.444019	0
2	209	26.365375	23.57641	23.654661	26.403441	0.000113
2	210	26.362061	23.578388	23.634161	26.425388	0.000003
2	211	26.348685	23.60345	23.654884	26.392981	0
2	212	26.383501	23.598096	23.636688	26.381181	0.000535
2	213	26.380245	23.587702	23.63805	26.394003	0
2	214	26.327399	23.659853	23.686754	26.325936	0.000058
2	215	26.390754	23.568311	23.616231	26.424684	0.000021
2	216	26.290621	23.678015	23.712266	26.317346	0.001752
2	217	26.499747	23.484574	23.492849	26.522826	0.000003
2	218	26.495031	23.466645	23.521793	26.515558	0.000974
2	219	26.366529	23.608075	23.641577	26.383728	0.00009
2	220	26.370189	23.599621	23.664562	26.365621	0.000007
2	221	26.363114	23.569865	23.66419	26.402832	0
2	222	26.498508	23.464199	23.521156	26.516138	0
2	223	26.396627	23.563537	23.625854	26.413982	0
2	224	26.408	23.549071	23.589233	26.453693	0.000004
2	225	26.350789	23.615336	23.6582	26.375668	0.000007
2	226	26.386231	23.558587	23.61962	26.43553	0.000032
2	227	26.525296	23.459964	23.500283	26.514457	0
2	228	26.527547	23.440157	23.47609	26.556203	0.000004
2	229	26.518388	23.436181	23.468226	26.577204	0
2	230	26.490462	23.473685	23.54695	26.488903	0
2	231	26.461967	23.45401	23.552279	26.531744	0
2	232	26.545649	23.430866	23.482975	26.54051	0
2	233	26.537626	23.423633	23.499157	26.539585	0
2	234	26.579125	23.403002	23.436677	26.581192	0.000004
2	235	26.546265	23.441516	23.468984	26.543235	0
2	236	26.571588	23.37153	23.422033	26.634837	0.000011
2	237	26.556449	23.429567	23.447053	26.566931	0
2	238	26.576507	23.390047	23.430672	26.602759	0.000015
2	239	26.564281	23.391042	23.443919	26.600743	0.000015
2	240	26.626798	23.365714	23.382641	26.624843	0.000004
2	241	26.562529	23.364042	23.442932	26.630494	0.000004
2	242	26.615999	23.372651	23.40362	26.606594	0.001136
2	243	26.519249	23.463222	23.491514	26.525895	0.00012
2	244	26.596605	23.367109	23.402352	26.632039	0.001895
2	245	26.537615	23.428401	23.464532	26.569452	0
2	246	26.625094	23.339533	23.385789	26.649584	0
2	247	26.519143	23.450777	23.506672	26.523409	0
2	248	26.551134	23.41177	23.478438	26.558626	0.000032
2	249	26.597574	23.340617	23.413797	26.648011	0
2	250	26.54803	23.397783	23.459083	26.595105	0
2	251	26.615231	23.326204	23.37651	26.682056	0
2	252	26.586132	23.374738	23.417067	26.622063	0
2	253	26.573628	23.390566	23.42241	26.613392	0.000004
2	254	26.61732	23.35186	23.399572	26.631247	0
2	255	26.576588	23.389836	23.414633	26.618942	0
2	256	26.577321	23.382863	23.436832	26.602984	0
2	257	26.598457	23.376476	23.405828	26.619144	0.000095
2	258	26.599767	23.352627	23.39144	26.656166	0
2	259	26.658941	23.299582	23.34562	26.695857	0
2	260	26.649464	23.319443	23.374894	26.6562	0
2	261	26.701477	23.255431	23.296907	26.746184	0
2	262	26.754462	23.217526	23.270328	26.757683	0
2	263	26.727294	23.214218	23.284223	26.774253	0.000013
2	264	26.703793	23.278916	23.304174	26.713037	0.00008
2	265	26.642602	23.347149	23.358932	26.65111	0.000208
2	266	26.705925	23.258992	23.328393	26.70669	0
2	267	26.735775	23.254514	23.279438	26.730273	0
2	268	26.746695	23.198574	23.275652	26.779079	0
2	269	26.800418	23.165164	23.213622	26.820796	0
2	270	26.774423	23.167862	23.231125	26.82558	0.00101
2	271	26.821646	23.145585	23.182869	26.8499	0
2	272	26.836241	23.171365	23.169451	26.822943	0
2	273	26.798545	23.17959	23.186754	26.835112	0
2	274	26.773647	23.189905	23.262713	26.773735	0
2	275	26.739968	23.240644	23.269479	26.749909	0
2	276	26.732043	23.222127	23.265611	26.780218	0
2	277	26.819171	23.181336	23.21972	26.779772	0
2	278	26.813985	23.163048	23.19702	26.825947	0
2	279	26.840812	23.130331	23.178586	26.850271	0
2	280	26.930024	23.074384	23.094041	26.901551	0
2	281	26.896294	23.074762	23.109434	26.91951	0
2	282	26.905657	23.075151	23.096843	26.922349	0
2	283	26.814573	23.154761	23.197557	26.83311	0
2	284	26.829173	23.16375	23.206724	26.800354	0
2	285	26.750838	23.213806	23.233018	26.802338	0
2	286	26.715625	23.249739	23.281322	26.753305	0.000009
2	287	26.760117	23.229744	23.268124	26.742015	0
2	288	26.777982	23.196025	23.225983	26.799982	0.000027
2	289	26.849913	23.095546	23.169229	26.885311	0
2	290	26.9152	23.053651	23.098704	26.932445	0
2	291	26.893788	23.083607	23.100277	26.922329	0
2	292	26.886127	23.088664	23.121876	26.898651	0.004682
2	293	26.839296	23.135719	23.16589	26.85889	0.000204
2	294	26.825	23.13859	23.180895	26.855511	0.000005
2	295	26.823194	23.158374	23.200507	26.817859	0.000065
2	296	26.788738	23.182126	23.189649	26.839487	0
2	297	26.927001	23.046521	23.080431	26.946047	0
2	298	27.366242	22.579515	22.638732	27.415511	0
2	299	28.671034	21.273498	21.32199	28.733478	0
2	300	34.357151	15.607929	15.642969	34.391951	0


