## htsjdk.samtools.metrics.StringHeader
# CollectMultipleMetrics INPUT=IK24_R2.mLb.clN.sorted.bam OUTPUT=IK24_R2.mLb.clN.CollectMultipleMetrics TMP_DIR=[tmp] VALIDATION_STRINGENCY=LENIENT REFERENCE_SEQUENCE=genome.fa    ASSUME_SORTED=true STOP_AFTER=0 METRIC_ACCUMULATION_LEVEL=[ALL_READS] PROGRAM=[CollectAlignmentSummaryMetrics, CollectBaseDistributionByCycle, CollectInsertSizeMetrics, MeanQualityByCycle, QualityScoreDistribution] INCLUDE_UNPAIRED=false VERBOSITY=INFO QUIET=false COMPRESSION_LEVEL=5 MAX_RECORDS_IN_RAM=500000 CREATE_INDEX=false CREATE_MD5_FILE=false GA4GH_CLIENT_SECRETS=client_secrets.json USE_JDK_DEFLATER=false USE_JDK_INFLATER=false
## htsjdk.samtools.metrics.StringHeader
# Started on: Fri Feb 25 09:48:53 UTC 2022

## METRICS CLASS	picard.analysis.BaseDistributionByCycleMetrics
READ_END	CYCLE	PCT_A	PCT_C	PCT_G	PCT_T	PCT_N
1	1	14.715716	35.206434	35.271137	14.735482	0.071231
1	2	26.440687	23.5297	23.562859	26.464632	0.002122
1	3	24.092972	25.864558	25.924152	24.108058	0.01026
1	4	23.9822	25.948591	26.009712	24.05934	0.000156
1	5	33.227909	16.718943	16.761624	33.290895	0.000629
1	6	23.940538	25.998306	26.069736	23.991402	0.000018
1	7	24.01635	25.950903	25.999244	24.033503	0
1	8	25.822353	24.142456	24.188761	25.84643	0
1	9	17.590021	32.35149	32.410269	17.64822	0
1	10	29.145665	20.830999	20.846576	29.176761	0
1	11	20.814079	29.141961	29.198348	20.844981	0.000632
1	12	26.373046	23.623683	23.650201	26.353069	0
1	13	21.317456	28.662437	28.698586	21.321522	0
1	14	22.518245	27.422389	27.476771	22.582595	0
1	15	24.517808	25.426788	25.503419	24.551985	0
1	16	25.289833	24.6399	24.74751	25.322756	0
1	17	26.01529	23.951141	23.985527	26.046131	0.00191
1	18	26.164354	23.814336	23.856759	26.16455	0
1	19	25.94121	24.002085	24.059352	25.997352	0
1	20	25.948735	24.017184	24.075699	25.958382	0
1	21	25.600729	24.34928	24.408958	25.641033	0
1	22	25.908191	24.034844	24.10642	25.950231	0.000313
1	23	25.629354	24.335119	24.386399	25.649129	0
1	24	25.809108	24.129786	24.222596	25.838491	0.000018
1	25	25.691453	24.286088	24.332519	25.689941	0
1	26	25.736268	24.183319	24.286285	25.794129	0
1	27	25.872229	24.109291	24.143281	25.875199	0
1	28	25.889762	24.038196	24.109313	25.962729	0
1	29	26.089666	23.885184	23.912533	26.111782	0.000835
1	30	26.014994	23.956682	23.992532	26.035789	0.000003
1	31	25.928348	24.02952	24.072322	25.96981	0
1	32	25.978276	23.954264	24.012778	26.054673	0.000009
1	33	25.969948	23.995861	24.042799	25.991392	0
1	34	26.003614	23.940672	24.004009	26.051704	0
1	35	25.935628	24.023652	24.077955	25.962765	0
1	36	26.043929	23.917872	23.962306	26.075893	0
1	37	26.037191	23.936498	23.974904	26.051407	0
1	38	26.128783	23.83094	23.880346	26.159931	0
1	39	26.162438	23.80468	23.860431	26.17245	0
1	40	26.135023	23.831281	23.865413	26.168283	0
1	41	26.065014	23.900319	23.945133	26.089534	0
1	42	26.01577	23.94468	23.985421	26.050464	0.003665
1	43	25.897343	24.070083	24.119855	25.912716	0.000003
1	44	25.989981	23.966574	24.031718	26.011728	0
1	45	25.946069	24.026228	24.064364	25.963337	0.000003
1	46	26.078609	23.882074	23.936775	26.102543	0
1	47	26.214065	23.76407	23.78528	26.236578	0.000006
1	48	26.189971	23.78578	23.797181	26.227069	0
1	49	26.25633	23.704186	23.761123	26.27836	0
1	50	26.18708	23.795729	23.835075	26.182116	0
1	51	26.149024	23.811646	23.87568	26.163649	0
1	52	26.113318	23.852353	23.895731	26.138597	0
1	53	26.090183	23.890785	23.937996	26.081036	0
1	54	26.160441	23.814742	23.861249	26.163568	0
1	55	26.148109	23.833713	23.849419	26.168759	0
1	56	26.03907	23.930463	23.979555	26.050912	0
1	57	26.204415	23.769244	23.814504	26.211838	0
1	58	26.257237	23.702396	23.746893	26.293475	0
1	59	26.220351	23.740893	23.796291	26.242466	0
1	60	26.247239	23.729832	23.768312	26.254567	0.00005
1	61	26.203042	23.747095	23.807462	26.242401	0
1	62	26.21195	23.75678	23.794822	26.236448	0
1	63	26.2281	23.753663	23.810572	26.207648	0.000017
1	64	26.135056	23.833146	23.877053	26.154746	0
1	65	26.23252	23.73521	23.78869	26.24358	0
1	66	26.123282	23.836445	23.888188	26.152085	0
1	67	26.325052	23.638474	23.696491	26.339972	0.00001
1	68	26.342017	23.610319	23.659784	26.387016	0.000864
1	69	26.20704	23.757842	23.794957	26.240161	0
1	70	26.23302	23.744678	23.793524	26.228779	0
1	71	26.233218	23.721238	23.783671	26.261873	0
1	72	26.394197	23.55851	23.630197	26.417097	0
1	73	26.241531	23.71181	23.777057	26.269602	0
1	74	26.248042	23.721492	23.744243	26.286223	0
1	75	26.214731	23.754081	23.802742	26.228446	0
1	76	26.207082	23.7437	23.799735	26.249483	0
1	77	26.354841	23.641705	23.674359	26.329096	0
1	78	26.323881	23.644173	23.67735	26.354596	0
1	79	26.361423	23.587866	23.630289	26.420422	0
1	80	26.31694	23.650099	23.708865	26.324096	0
1	81	26.314345	23.625018	23.706155	26.354398	0.000084
1	82	26.457557	23.526289	23.58084	26.435313	0
1	83	26.381757	23.579384	23.64707	26.391789	0
1	84	26.4342	23.543657	23.562509	26.459633	0
1	85	26.40988	23.552279	23.593389	26.444436	0.000015
1	86	26.411676	23.520524	23.603734	26.464066	0
1	87	26.398819	23.581459	23.604013	26.415556	0.000153
1	88	26.358643	23.621612	23.652129	26.367616	0
1	89	26.393081	23.564722	23.610887	26.431309	0
1	90	26.477372	23.493929	23.531651	26.497048	0
1	91	26.463255	23.493399	23.541496	26.501846	0.000004
1	92	26.344488	23.635113	23.650695	26.36962	0.000084
1	93	26.316001	23.649669	23.700508	26.333798	0.000023
1	94	26.402303	23.564506	23.600252	26.43294	0
1	95	26.358993	23.61778	23.661225	26.362002	0
1	96	26.432273	23.554904	23.572908	26.439915	0
1	97	26.351989	23.626205	23.662429	26.359377	0
1	98	26.344068	23.601542	23.656208	26.398182	0
1	99	26.355715	23.577783	23.642469	26.424033	0
1	100	26.349666	23.589996	23.660943	26.399395	0
1	101	26.444722	23.49873	23.545852	26.510697	0
1	102	26.433033	23.546946	23.551245	26.468777	0
1	103	26.435001	23.543461	23.534843	26.486695	0
1	104	26.457954	23.495613	23.557888	26.488545	0
1	105	26.411678	23.552214	23.574001	26.461968	0.000139
1	106	26.390827	23.551384	23.606056	26.451733	0
1	107	26.430673	23.532881	23.573789	26.462657	0
1	108	26.431077	23.530358	23.549389	26.489176	0
1	109	26.499292	23.45472	23.501558	26.544431	0
1	110	26.477459	23.47575	23.535079	26.511713	0
1	111	26.560881	23.384079	23.4435	26.61154	0
1	112	26.609061	23.372375	23.412454	26.60611	0
1	113	26.563884	23.399894	23.424556	26.611666	0
1	114	26.510376	23.460081	23.492282	26.537261	0
1	115	26.453297	23.53085	23.535058	26.480795	0
1	116	26.514235	23.452477	23.50711	26.526178	0
1	117	26.551651	23.439672	23.457213	26.551423	0.000041
1	118	26.585799	23.373015	23.412475	26.628512	0.000199
1	119	26.659331	23.309211	23.346672	26.684781	0.000004
1	120	26.657533	23.296852	23.356481	26.689134	0
1	121	26.678532	23.294973	23.317343	26.709153	0
1	122	26.709469	23.296805	23.30428	26.689446	0
1	123	26.681765	23.298719	23.346579	26.672878	0.000059
1	124	26.623504	23.354614	23.393773	26.628109	0
1	125	26.572368	23.428681	23.417299	26.581652	0
1	126	26.54363	23.40311	23.445536	26.607724	0
1	127	26.62132	23.375074	23.396846	26.60676	0
1	128	26.642402	23.342157	23.359785	26.655656	0
1	129	26.685727	23.267495	23.334915	26.711864	0
1	130	26.771415	23.21136	23.24587	26.771355	0
1	131	26.772407	23.203266	23.228251	26.796076	0
1	132	26.784401	23.195848	23.216918	26.802833	0
1	133	26.705126	23.285798	23.277776	26.7313	0
1	134	26.666204	23.286693	23.332628	26.714475	0
1	135	26.612426	23.351807	23.37843	26.657337	0
1	136	26.554437	23.422124	23.427808	26.59563	0
1	137	26.582787	23.391853	23.437634	26.587726	0
1	138	26.6097	23.380176	23.372359	26.637543	0.000223
1	139	26.689568	23.266912	23.317062	26.726458	0
1	140	26.769101	23.192454	23.227776	26.810669	0
1	141	26.758844	23.194496	23.225791	26.820869	0
1	142	26.763416	23.209851	23.237456	26.789277	0
1	143	26.721437	23.244794	23.269385	26.764384	0
1	144	26.724162	23.259485	23.281184	26.735147	0.000022
1	145	26.688342	23.274187	23.327845	26.709627	0
1	146	26.64552	23.315286	23.359515	26.679678	0
1	147	26.747908	23.206104	23.251163	26.794824	0
1	148	27.164095	22.796694	22.814851	27.224361	0
1	149	28.488799	21.481948	21.501818	28.527434	0
1	150	34.133812	15.826406	15.870632	34.16915	0
2	151	14.63061	35.336162	35.397372	14.634989	0.000868
2	152	26.385063	23.59807	23.645056	26.371802	0.000009
2	153	24.148344	25.831552	25.868277	24.151827	0
2	154	24.051135	25.887608	25.960498	24.10076	0
2	155	33.317367	16.639362	16.682077	33.361194	0
2	156	24.015301	25.942133	26.009044	24.033522	0
2	157	24.10038	25.861387	25.912911	24.125322	0
2	158	25.83464	24.135453	24.192772	25.837136	0
2	159	17.521181	32.424129	32.504157	17.550532	0
2	160	29.201776	20.781999	20.795932	29.220294	0
2	161	20.860564	29.090084	29.161076	20.888275	0
2	162	26.373641	23.62031	23.652648	26.3534	0
2	163	21.388006	28.588078	28.621995	21.401921	0
2	164	22.584696	27.357131	27.429432	22.628741	0
2	165	24.557458	25.392083	25.470683	24.579772	0.000003
2	166	25.30622	24.645662	24.704149	25.343969	0
2	167	26.02609	23.944009	23.962873	26.067028	0
2	168	26.145686	23.823026	23.847707	26.18358	0
2	169	25.969592	23.984534	24.024559	26.021315	0
2	170	25.958842	24.009368	24.065362	25.966428	0
2	171	25.612532	24.324694	24.402412	25.660362	0
2	172	25.938416	24.033334	24.058823	25.96935	0.000077
2	173	25.663394	24.304671	24.355627	25.676307	0
2	174	25.829272	24.119151	24.186633	25.864945	0
2	175	25.710295	24.276051	24.309311	25.704343	0
2	176	25.747525	24.204739	24.257495	25.790241	0
2	177	25.860051	24.115938	24.149264	25.874747	0
2	178	25.919318	24.031515	24.089847	25.959319	0
2	179	26.075877	23.886781	23.935954	26.101387	0
2	180	26.009237	23.962214	24.005699	26.022849	0
2	181	25.918744	24.024958	24.083021	25.973276	0
2	182	25.996342	23.941269	24.014422	26.047967	0
2	183	25.962386	23.992773	24.032744	26.012096	0
2	184	26.017311	23.932912	23.998721	26.051055	0
2	185	25.951541	24.003464	24.052214	25.992782	0
2	186	26.061378	23.912503	23.964907	26.061212	0
2	187	26.015071	23.944653	23.99469	26.045586	0
2	188	26.122709	23.850254	23.880921	26.146117	0
2	189	26.146248	23.826367	23.870543	26.156824	0.000019
2	190	26.109697	23.85671	23.871207	26.162386	0
2	191	26.050863	23.91015	23.965199	26.073782	0.000006
2	192	26.026618	23.956052	23.978126	26.039204	0
2	193	25.890737	24.074119	24.115074	25.920064	0.000006
2	194	26.000071	23.9495	24.010104	26.040324	0
2	195	25.948526	24.026239	24.042023	25.983212	0
2	196	26.093785	23.887061	23.904489	26.114462	0.000204
2	197	26.225363	23.749535	23.782488	26.242614	0
2	198	26.195093	23.790795	23.821351	26.192761	0
2	199	26.243241	23.725401	23.771433	26.259924	0
2	200	26.171518	23.816786	23.846128	26.165568	0
2	201	26.125816	23.83399	23.898116	26.142075	0.000003
2	202	26.104856	23.859569	23.912845	26.121956	0.000774
2	203	26.07574	23.883781	23.954817	26.085662	0
2	204	26.125717	23.829774	23.897639	26.14687	0
2	205	26.129343	23.832005	23.874178	26.164474	0
2	206	26.036184	23.935204	23.975443	26.053169	0
2	207	26.211403	23.772556	23.78158	26.234461	0
2	208	26.235843	23.732027	23.76606	26.26607	0
2	209	26.190636	23.767385	23.816547	26.225405	0.000027
2	210	26.193661	23.756557	23.822189	26.227592	0
2	211	26.181949	23.770675	23.823927	26.223449	0
2	212	26.198864	23.778124	23.818309	26.204493	0.00021
2	213	26.196654	23.779971	23.813086	26.210289	0
2	214	26.118022	23.847614	23.881696	26.151961	0.000707
2	215	26.213868	23.769695	23.802748	26.213641	0.000048
2	216	26.11743	23.862727	23.881779	26.137088	0.000975
2	217	26.316393	23.652546	23.680395	26.350662	0.000003
2	218	26.304558	23.65847	23.696494	26.339999	0.000479
2	219	26.177651	23.77356	23.831761	26.217028	0
2	220	26.188015	23.783591	23.835934	26.192445	0.000014
2	221	26.185989	23.76928	23.826677	26.218054	0
2	222	26.29925	23.654368	23.741177	26.305205	0
2	223	26.203489	23.78328	23.804576	26.208654	0
2	224	26.215563	23.743968	23.786087	26.254375	0.000007
2	225	26.146374	23.811748	23.858705	26.183173	0
2	226	26.169703	23.775849	23.803345	26.251075	0.000029
2	227	26.318397	23.646827	23.709531	26.325245	0
2	228	26.329214	23.628346	23.67411	26.36833	0
2	229	26.325189	23.627076	23.665442	26.382293	0
2	230	26.28811	23.676538	23.730836	26.304517	0
2	231	26.304312	23.643437	23.713392	26.338859	0
2	232	26.355424	23.619257	23.673943	26.351375	0
2	233	26.32943	23.640245	23.686766	26.34356	0
2	234	26.388704	23.578071	23.603987	26.429239	0
2	235	26.3422	23.624588	23.666795	26.366418	0
2	236	26.375935	23.571162	23.625069	26.427819	0.000015
2	237	26.350073	23.630596	23.648178	26.371153	0
2	238	26.37691	23.596825	23.635443	26.39042	0.000402
2	239	26.366598	23.590258	23.62982	26.413298	0.000026
2	240	26.446202	23.523503	23.553499	26.476796	0
2	241	26.401229	23.548165	23.605811	26.444794	0
2	242	26.395587	23.581791	23.59539	26.42581	0.001423
2	243	26.28199	23.667	23.730628	26.320122	0.00026
2	244	26.401306	23.54934	23.602477	26.445792	0.001085
2	245	26.324329	23.633372	23.673642	26.368657	0
2	246	26.392973	23.570487	23.605584	26.430957	0
2	247	26.303006	23.668117	23.717903	26.310974	0
2	248	26.332363	23.635717	23.68567	26.346218	0.000031
2	249	26.372955	23.578924	23.623253	26.424868	0
2	250	26.31873	23.619068	23.679097	26.383104	0
2	251	26.417027	23.531588	23.592345	26.45904	0
2	252	26.344026	23.627576	23.652119	26.376275	0.000004
2	253	26.335194	23.632222	23.662405	26.370155	0.000024
2	254	26.355528	23.578715	23.646483	26.419273	0
2	255	26.351994	23.614884	23.651508	26.381613	0
2	256	26.336668	23.619929	23.680085	26.363319	0
2	257	26.351418	23.61368	23.632828	26.40205	0.000024
2	258	26.376858	23.596672	23.633835	26.392634	0
2	259	26.451965	23.509864	23.55006	26.488111	0
2	260	26.415046	23.530573	23.58702	26.467353	0.000008
2	261	26.504846	23.461035	23.500248	26.533872	0
2	262	26.556232	23.419538	23.471745	26.552485	0
2	263	26.522428	23.455828	23.494234	26.527509	0
2	264	26.458688	23.524993	23.553599	26.462715	0.000004
2	265	26.411315	23.563131	23.596022	26.428698	0.000834
2	266	26.477244	23.487296	23.550904	26.484556	0
2	267	26.51701	23.480009	23.496012	26.506969	0
2	268	26.539319	23.414305	23.480604	26.565772	0
2	269	26.585679	23.382553	23.416213	26.615417	0.000137
2	270	26.572519	23.363448	23.426876	26.635195	0.001962
2	271	26.602924	23.359178	23.384598	26.653287	0.000013
2	272	26.633171	23.361758	23.364574	26.640498	0
2	273	26.608805	23.36899	23.400348	26.621856	0
2	274	26.553568	23.4141	23.442472	26.589859	0
2	275	26.530483	23.462931	23.481548	26.525038	0
2	276	26.514854	23.422221	23.495564	26.567361	0
2	277	26.579812	23.412907	23.442548	26.564732	0
2	278	26.592871	23.350491	23.420225	26.636413	0
2	279	26.625556	23.321795	23.401551	26.651098	0
2	280	26.724575	23.274019	23.286899	26.714507	0
2	281	26.717478	23.272839	23.286134	26.723549	0
2	282	26.740554	23.247414	23.26214	26.749892	0
2	283	26.643406	23.313168	23.374561	26.668864	0
2	284	26.597354	23.36746	23.417103	26.618065	0.000017
2	285	26.552899	23.417094	23.445336	26.58467	0
2	286	26.486195	23.476836	23.483764	26.553179	0.000026
2	287	26.525588	23.46523	23.477695	26.531299	0.000188
2	288	26.581157	23.417476	23.415903	26.585214	0.00025
2	289	26.631449	23.323846	23.36838	26.676325	0
2	290	26.724378	23.2309	23.291136	26.753573	0.000013
2	291	26.695665	23.247626	23.311827	26.744882	0
2	292	26.690346	23.270222	23.298312	26.737069	0.004052
2	293	26.664336	23.31078	23.328386	26.696428	0.000071
2	294	26.651458	23.306957	23.364613	26.676968	0.000004
2	295	26.63473	23.331907	23.408134	26.625228	0
2	296	26.59798	23.361194	23.411559	26.629267	0
2	297	26.72111	23.260904	23.284549	26.733438	0
2	298	27.168419	22.814547	22.823077	27.193958	0
2	299	28.477211	21.47465	21.515933	28.532206	0
2	300	34.134665	15.826867	15.864348	34.17412	0


