## htsjdk.samtools.metrics.StringHeader
# CollectMultipleMetrics INPUT=IK4_R1.mLb.clN.sorted.bam OUTPUT=IK4_R1.mLb.clN.CollectMultipleMetrics TMP_DIR=[tmp] VALIDATION_STRINGENCY=LENIENT REFERENCE_SEQUENCE=genome.fa    ASSUME_SORTED=true STOP_AFTER=0 METRIC_ACCUMULATION_LEVEL=[ALL_READS] PROGRAM=[CollectAlignmentSummaryMetrics, CollectBaseDistributionByCycle, CollectInsertSizeMetrics, MeanQualityByCycle, QualityScoreDistribution] INCLUDE_UNPAIRED=false VERBOSITY=INFO QUIET=false COMPRESSION_LEVEL=5 MAX_RECORDS_IN_RAM=500000 CREATE_INDEX=false CREATE_MD5_FILE=false GA4GH_CLIENT_SECRETS=client_secrets.json USE_JDK_DEFLATER=false USE_JDK_INFLATER=false
## htsjdk.samtools.metrics.StringHeader
# Started on: Thu Feb 24 22:36:59 UTC 2022

## METRICS CLASS	picard.analysis.BaseDistributionByCycleMetrics
READ_END	CYCLE	PCT_A	PCT_C	PCT_G	PCT_T	PCT_N
1	1	15.414151	34.490008	34.585352	15.435658	0.074831
1	2	27.407479	22.596901	22.62235	27.37293	0.00034
1	3	24.986215	24.989813	25.027431	24.984675	0.011865
1	4	24.928011	24.995086	25.083981	24.992732	0.00019
1	5	34.158228	15.764502	15.825533	34.249938	0.001798
1	6	24.912257	25.017864	25.118674	24.951205	0
1	7	25.028474	24.952908	25.019953	24.998665	0
1	8	26.798919	23.205477	23.254505	26.741098	0
1	9	18.270641	31.664723	31.760652	18.303984	0
1	10	30.006105	19.947243	20.000151	30.046501	0
1	11	21.70026	28.235748	28.315439	21.748546	0.000007
1	12	27.313896	22.709945	22.730145	27.246014	0
1	13	22.246929	27.744102	27.784884	22.224085	0
1	14	23.396352	26.542072	26.606028	23.455549	0
1	15	25.497469	24.451957	24.535649	25.514926	0
1	16	26.290405	23.658449	23.721042	26.330105	0
1	17	27.020689	22.954709	22.970336	27.053316	0.000951
1	18	27.173844	22.792584	22.838913	27.194659	0
1	19	26.908495	23.029788	23.089302	26.972415	0
1	20	26.831501	23.12205	23.204535	26.841914	0
1	21	26.477729	23.476638	23.567414	26.478219	0
1	22	26.851237	23.11811	23.180737	26.849593	0.000324
1	23	26.554524	23.408999	23.471833	26.564643	0
1	24	26.79449	23.165265	23.239436	26.800701	0.000108
1	25	26.707035	23.264996	23.328498	26.699471	0
1	26	26.781547	23.149562	23.223003	26.845885	0.000003
1	27	26.91745	23.059532	23.075104	26.947914	0
1	28	26.933622	23.036328	23.0661	26.96395	0
1	29	27.096734	22.858624	22.919653	27.124502	0.000487
1	30	26.983349	22.989596	23.017772	27.009277	0.000007
1	31	26.890945	23.048671	23.106312	26.954072	0
1	32	26.965348	22.983141	23.045787	27.005721	0.000003
1	33	26.930482	23.026388	23.074267	26.968862	0
1	34	26.99684	22.950186	23.020977	27.031997	0
1	35	26.929916	23.025823	23.085988	26.958273	0
1	36	27.069423	22.883014	22.949602	27.097961	0
1	37	27.038389	22.93476	22.995617	27.031234	0
1	38	27.159956	22.802101	22.850534	27.187409	0
1	39	27.157584	22.811037	22.850288	27.181091	0
1	40	27.115363	22.836995	22.884388	27.163254	0
1	41	27.01915	22.921953	22.991906	27.06699	0
1	42	27.045495	22.942569	22.985542	27.023589	0.002805
1	43	26.876138	23.097954	23.130969	26.894932	0.000007
1	44	26.973937	22.983293	23.050174	26.992589	0.000007
1	45	26.912625	23.050403	23.086689	26.950282	0
1	46	27.089674	22.885881	22.917133	27.107311	0
1	47	27.218012	22.770309	22.778297	27.233382	0
1	48	27.172605	22.811824	22.823976	27.191595	0
1	49	27.227595	22.738867	22.793135	27.240403	0
1	50	27.129536	22.815813	22.90846	27.14619	0
1	51	27.084054	22.858578	22.945337	27.112031	0
1	52	27.101894	22.880661	22.93231	27.085117	0.000017
1	53	27.038451	22.93314	23.005569	27.022839	0
1	54	27.117544	22.861857	22.915105	27.105494	0
1	55	27.095724	22.846209	22.921817	27.13625	0
1	56	27.003833	22.950789	23.029839	27.015539	0
1	57	27.198454	22.79118	22.816786	27.19358	0
1	58	27.23547	22.717292	22.788561	27.258677	0
1	59	27.18511	22.772976	22.833681	27.208233	0
1	60	27.187134	22.755643	22.830987	27.226237	0
1	61	27.150661	22.800713	22.855611	27.193015	0
1	62	27.189572	22.790396	22.847847	27.172185	0
1	63	27.177533	22.778378	22.85754	27.186549	0
1	64	27.079088	22.890917	22.949278	27.080717	0
1	65	27.182185	22.76197	22.844291	27.211554	0
1	66	27.056214	22.906655	22.957767	27.079365	0
1	67	27.271769	22.692894	22.735539	27.299791	0.000007
1	68	27.281456	22.676863	22.738341	27.302903	0.000437
1	69	27.152239	22.789123	22.868647	27.18999	0
1	70	27.190611	22.784333	22.847637	27.177419	0
1	71	27.142482	22.780324	22.868367	27.208827	0
1	72	27.392065	22.564423	22.653331	27.390182	0
1	73	27.176126	22.779328	22.837675	27.206871	0
1	74	27.209409	22.753392	22.807815	27.22938	0.000004
1	75	27.14361	22.811634	22.870918	27.173838	0
1	76	27.14297	22.793447	22.866403	27.19718	0
1	77	27.303483	22.679093	22.727056	27.290367	0
1	78	27.269716	22.696698	22.749374	27.284212	0
1	79	27.286998	22.667788	22.724402	27.320812	0
1	80	27.252327	22.716205	22.797447	27.234021	0
1	81	27.213684	22.692965	22.810577	27.282766	0.000008
1	82	27.407171	22.572515	22.642774	27.37754	0
1	83	27.334377	22.647479	22.702425	27.315719	0
1	84	27.329689	22.626033	22.690629	27.353649	0
1	85	27.298859	22.678602	22.722621	27.299918	0
1	86	27.326445	22.593058	22.681773	27.398725	0
1	87	27.381494	22.631078	22.659065	27.328363	0
1	88	27.262058	22.697836	22.748671	27.291435	0
1	89	27.308374	22.620665	22.724704	27.346257	0
1	90	27.384958	22.575448	22.641595	27.397998	0
1	91	27.356246	22.579803	22.654274	27.409677	0
1	92	27.317539	22.682135	22.73633	27.263984	0.000012
1	93	27.24021	22.706979	22.780331	27.272378	0.000101
1	94	27.350496	22.625487	22.667724	27.356292	0
1	95	27.271227	22.683902	22.754678	27.290192	0
1	96	27.366096	22.603031	22.639714	27.391159	0
1	97	27.284814	22.68992	22.730276	27.29499	0
1	98	27.259864	22.678443	22.771428	27.290265	0
1	99	27.287051	22.651792	22.740816	27.320341	0
1	100	27.272275	22.670847	22.76191	27.294967	0
1	101	27.378771	22.565966	22.646046	27.409217	0
1	102	27.33489	22.596054	22.668429	27.400626	0
1	103	27.359127	22.587254	22.651843	27.401775	0
1	104	27.371238	22.576704	22.657546	27.394512	0
1	105	27.342358	22.611355	22.683737	27.36255	0
1	106	27.321725	22.625722	22.677523	27.37503	0
1	107	27.362459	22.579954	22.647348	27.410239	0
1	108	27.342547	22.586126	22.650675	27.420653	0
1	109	27.445634	22.496434	22.577309	27.480623	0
1	110	27.37681	22.564434	22.629904	27.428852	0
1	111	27.427656	22.509142	22.565003	27.498199	0
1	112	27.510355	22.45829	22.511146	27.520209	0
1	113	27.492333	22.46847	22.523136	27.516061	0
1	114	27.46078	22.510907	22.552688	27.475625	0
1	115	27.396843	22.576385	22.620253	27.406519	0
1	116	27.442018	22.502785	22.588057	27.46714	0
1	117	27.460063	22.496652	22.569272	27.474009	0.000004
1	118	27.482635	22.463513	22.547013	27.506839	0
1	119	27.516029	22.436505	22.507596	27.53987	0
1	120	27.515733	22.423556	22.512651	27.54806	0
1	121	27.548472	22.415568	22.445313	27.590647	0
1	122	27.572426	22.420761	22.423624	27.583189	0
1	123	27.561954	22.434111	22.443413	27.560513	0.000009
1	124	27.51009	22.456153	22.50519	27.528567	0
1	125	27.505752	22.473239	22.540553	27.480456	0
1	126	27.473303	22.474532	22.54171	27.510455	0
1	127	27.542853	22.437459	22.494846	27.524842	0
1	128	27.557529	22.408991	22.486322	27.547157	0
1	129	27.535384	22.418559	22.49291	27.553146	0
1	130	27.626851	22.346529	22.380895	27.645725	0
1	131	27.629653	22.343688	22.397366	27.629293	0
1	132	27.664421	22.342706	22.372742	27.620131	0
1	133	27.559502	22.394208	22.475006	27.57119	0.000093
1	134	27.506998	22.435103	22.502887	27.555011	0
1	135	27.496947	22.442734	22.513261	27.547057	0
1	136	27.441278	22.530237	22.554274	27.474212	0
1	137	27.464544	22.525623	22.551068	27.458764	0
1	138	27.485478	22.47495	22.512024	27.527354	0.000194
1	139	27.541904	22.409116	22.472678	27.576302	0
1	140	27.604106	22.363612	22.41218	27.620102	0
1	141	27.593823	22.3761	22.426844	27.603233	0
1	142	27.579162	22.385228	22.425263	27.610348	0
1	143	27.563742	22.390115	22.452637	27.593505	0
1	144	27.527274	22.428994	22.494143	27.549584	0.000005
1	145	27.522518	22.4202	22.52362	27.533662	0
1	146	27.529333	22.429733	22.512648	27.528285	0
1	147	27.644661	22.327772	22.385671	27.641896	0
1	148	28.023117	21.908652	21.999535	28.068695	0
1	149	29.381798	20.556393	20.602557	29.459252	0
1	150	34.860806	15.062337	15.117127	34.95973	0
2	151	15.352917	34.594975	34.682727	15.368825	0.000556
2	152	27.358898	22.634451	22.670719	27.335933	0
2	153	25.05458	24.928113	24.974085	25.043222	0
2	154	25.028657	24.897368	25.016557	25.057417	0
2	155	34.251066	15.69348	15.749107	34.306347	0
2	156	24.958484	24.973016	25.054567	25.013919	0.000013
2	157	25.103939	24.897078	24.928116	25.070868	0
2	158	26.805189	23.177034	23.224248	26.79353	0
2	159	18.229127	31.720321	31.801391	18.24916	0
2	160	30.096739	19.874586	19.92938	30.099295	0
2	161	21.756244	28.202843	28.263894	21.777019	0
2	162	27.335191	22.692494	22.698913	27.273402	0
2	163	22.326728	27.677149	27.694953	22.301171	0
2	164	23.450777	26.47989	26.569348	23.499985	0
2	165	25.536675	24.422056	24.491905	25.549347	0.000016
2	166	26.312128	23.63232	23.705712	26.34984	0
2	167	27.030838	22.931404	22.964956	27.072803	0
2	168	27.216421	22.765269	22.8024	27.215911	0
2	169	26.959851	22.987532	23.043692	27.008925	0
2	170	26.858705	23.108622	23.167061	26.865611	0
2	171	26.522169	23.43471	23.510843	26.532279	0
2	172	26.885588	23.094485	23.135905	26.884015	0.000007
2	173	26.61533	23.365254	23.412539	26.606877	0
2	174	26.808854	23.141825	23.218833	26.830487	0
2	175	26.747224	23.243504	23.311952	26.69732	0
2	176	26.792656	23.14503	23.232596	26.829718	0
2	177	26.94643	23.024375	23.076239	26.952956	0
2	178	26.936486	23.013294	23.073403	26.976816	0
2	179	27.100899	22.849201	22.921411	27.128488	0
2	180	26.983536	22.975587	23.022859	27.018018	0
2	181	26.918768	23.000779	23.093801	26.986652	0
2	182	26.994153	22.951289	23.02685	27.027706	0.000003
2	183	26.964023	22.99536	23.060239	26.980378	0
2	184	27.00805	22.942751	23.007418	27.041781	0
2	185	26.957773	23.00935	23.050703	26.982173	0
2	186	27.10172	22.85873	22.926839	27.112711	0
2	187	27.030489	22.941836	22.985987	27.041687	0
2	188	27.170017	22.790985	22.854923	27.184075	0
2	189	27.19003	22.78176	22.83098	27.19721	0.00002
2	190	27.136491	22.821547	22.878863	27.163099	0
2	191	27.02664	22.925817	22.993287	27.054249	0.000007
2	192	27.027518	22.932988	22.985939	27.053552	0.000003
2	193	26.897444	23.066914	23.1151	26.920541	0
2	194	26.997587	22.935344	23.013211	27.053857	0
2	195	26.923978	23.03473	23.061871	26.979421	0
2	196	27.105278	22.854257	22.902138	27.138283	0.000044
2	197	27.242183	22.737695	22.769259	27.250863	0
2	198	27.152441	22.810506	22.843154	27.1939	0
2	199	27.250409	22.7327	22.777835	27.239057	0
2	200	27.148306	22.834918	22.885679	27.131098	0
2	201	27.095315	22.852714	22.945379	27.106553	0.000038
2	202	27.111378	22.858419	22.922674	27.10706	0.000469
2	203	27.045007	22.925217	22.99361	27.036166	0
2	204	27.104212	22.857113	22.914704	27.123971	0
2	205	27.100542	22.846329	22.915367	27.137761	0
2	206	27.009723	22.960049	23.012834	27.017394	0
2	207	27.204844	22.771776	22.819899	27.203481	0
2	208	27.2025	22.750415	22.800734	27.246351	0
2	209	27.182396	22.775638	22.830933	27.210917	0.000117
2	210	27.1867	22.765887	22.826077	27.221333	0.000004
2	211	27.148189	22.800065	22.866161	27.185585	0
2	212	27.178121	22.800794	22.850615	27.170009	0.000462
2	213	27.204196	22.759601	22.847737	27.188466	0
2	214	27.083933	22.882694	22.943707	27.089579	0.000087
2	215	27.184129	22.787597	22.835073	27.193172	0.000029
2	216	27.060872	22.903589	22.958625	27.074976	0.001937
2	217	27.268592	22.702799	22.732648	27.295947	0.000015
2	218	27.270428	22.68653	22.769989	27.272043	0.001009
2	219	27.154424	22.793771	22.855961	27.195788	0.000055
2	220	27.163881	22.808011	22.871023	27.157082	0.000004
2	221	27.122699	22.794394	22.902226	27.180682	0
2	222	27.295634	22.665886	22.722631	27.315849	0
2	223	27.162381	22.779952	22.869578	27.188089	0
2	224	27.171224	22.780044	22.84103	27.207702	0
2	225	27.09976	22.86103	22.898374	27.140824	0.000011
2	226	27.147878	22.794248	22.873851	27.184004	0.000019
2	227	27.317954	22.661072	22.725892	27.295082	0
2	228	27.304212	22.646917	22.719999	27.328872	0
2	229	27.27673	22.675617	22.731243	27.316409	0
2	230	27.24164	22.738442	22.78574	27.234179	0
2	231	27.215223	22.703655	22.808894	27.272228	0
2	232	27.336079	22.646237	22.699779	27.317904	0
2	233	27.294861	22.651963	22.741664	27.311513	0
2	234	27.312778	22.639318	22.714973	27.332923	0.000008
2	235	27.268106	22.706659	22.758148	27.267087	0
2	236	27.307021	22.61594	22.689164	27.387864	0.000012
2	237	27.329179	22.650499	22.696646	27.323672	0.000004
2	238	27.310413	22.661169	22.699039	27.329362	0.000016
2	239	27.298251	22.649261	22.724014	27.328466	0.000008
2	240	27.37215	22.610244	22.639565	27.378038	0.000004
2	241	27.320836	22.607781	22.70903	27.362349	0.000004
2	242	27.378288	22.617897	22.647397	27.355354	0.001063
2	243	27.26278	22.709102	22.756426	27.271574	0.000117
2	244	27.354258	22.595545	22.667991	27.380099	0.002107
2	245	27.266684	22.696071	22.743831	27.293415	0
2	246	27.385853	22.597397	22.629355	27.387396	0
2	247	27.249537	22.731263	22.770254	27.248945	0
2	248	27.263213	22.670715	22.76977	27.296286	0.000017
2	249	27.321941	22.610106	22.698766	27.369187	0
2	250	27.299006	22.662133	22.739885	27.298977	0
2	251	27.375889	22.567679	22.650102	27.40633	0
2	252	27.312324	22.650607	22.694445	27.342624	0
2	253	27.294873	22.662657	22.713806	27.328655	0.000008
2	254	27.308544	22.640315	22.699547	27.351595	0
2	255	27.298807	22.645768	22.717262	27.338162	0
2	256	27.2897	22.659626	22.746551	27.304123	0
2	257	27.327565	22.637536	22.685804	27.348989	0.000107
2	258	27.333322	22.624425	22.679049	27.363204	0
2	259	27.374332	22.560474	22.61994	27.445253	0
2	260	27.361344	22.582034	22.669726	27.386897	0
2	261	27.409575	22.526226	22.61807	27.446129	0
2	262	27.477853	22.484455	22.540381	27.497312	0
2	263	27.474884	22.504651	22.536429	27.484027	0.000009
2	264	27.43293	22.536193	22.574216	27.456591	0.00007
2	265	27.391782	22.587967	22.629432	27.390595	0.000224
2	266	27.436568	22.531577	22.592397	27.439458	0
2	267	27.473045	22.511998	22.569706	27.445251	0
2	268	27.472676	22.484508	22.568691	27.474125	0
2	269	27.495971	22.478732	22.508981	27.516316	0
2	270	27.489559	22.445605	22.54301	27.520772	0.001053
2	271	27.519332	22.427354	22.483206	27.570104	0.000004
2	272	27.550539	22.431218	22.470707	27.547536	0
2	273	27.528272	22.442245	22.48119	27.548293	0
2	274	27.465011	22.482643	22.525907	27.52644	0
2	275	27.466904	22.502923	22.552849	27.477324	0
2	276	27.475177	22.477083	22.536865	27.510857	0.000018
2	277	27.541517	22.448741	22.501347	27.508395	0
2	278	27.551308	22.424363	22.47515	27.549179	0
2	279	27.544305	22.428547	22.497683	27.529466	0
2	280	27.606288	22.358869	22.424097	27.610746	0
2	281	27.600167	22.372746	22.421759	27.605328	0
2	282	27.608637	22.367216	22.399684	27.624463	0
2	283	27.5094	22.452492	22.501144	27.536964	0
2	284	27.491602	22.453788	22.508606	27.546005	0
2	285	27.473589	22.486278	22.533039	27.507094	0
2	286	27.395122	22.568431	22.583063	27.453379	0.000005
2	287	27.456331	22.529146	22.572948	27.441575	0
2	288	27.49428	22.468558	22.534037	27.503092	0.000033
2	289	27.535109	22.407689	22.46948	27.587723	0
2	290	27.606136	22.367236	22.40342	27.623208	0
2	291	27.562219	22.388387	22.418982	27.630412	0
2	292	27.587655	22.385567	22.443829	27.577807	0.005142
2	293	27.554221	22.409806	22.47361	27.562141	0.000221
2	294	27.51652	22.439899	22.504839	27.538742	0
2	295	27.515095	22.423026	22.527844	27.534005	0.000029
2	296	27.518253	22.434375	22.504527	27.542845	0
2	297	27.652681	22.315006	22.377028	27.655285	0
2	298	28.077371	21.894319	21.937026	28.091284	0
2	299	29.470876	20.476993	20.535397	29.516735	0
2	300	35.000112	14.933106	14.981955	35.084827	0


