## htsjdk.samtools.metrics.StringHeader
# CollectMultipleMetrics INPUT=IK4_R2.mLb.clN.sorted.bam OUTPUT=IK4_R2.mLb.clN.CollectMultipleMetrics TMP_DIR=[tmp] VALIDATION_STRINGENCY=LENIENT REFERENCE_SEQUENCE=genome.fa    ASSUME_SORTED=true STOP_AFTER=0 METRIC_ACCUMULATION_LEVEL=[ALL_READS] PROGRAM=[CollectAlignmentSummaryMetrics, CollectBaseDistributionByCycle, CollectInsertSizeMetrics, MeanQualityByCycle, QualityScoreDistribution] INCLUDE_UNPAIRED=false VERBOSITY=INFO QUIET=false COMPRESSION_LEVEL=5 MAX_RECORDS_IN_RAM=500000 CREATE_INDEX=false CREATE_MD5_FILE=false GA4GH_CLIENT_SECRETS=client_secrets.json USE_JDK_DEFLATER=false USE_JDK_INFLATER=false
## htsjdk.samtools.metrics.StringHeader
# Started on: Thu Feb 24 22:24:55 UTC 2022

## METRICS CLASS	picard.analysis.BaseDistributionByCycleMetrics
READ_END	CYCLE	PCT_A	PCT_C	PCT_G	PCT_T	PCT_N
1	1	15.081504	34.814263	34.912594	15.119947	0.071693
1	2	26.819744	23.158491	23.190559	26.829187	0.002019
1	3	24.463643	25.510787	25.546281	24.468766	0.010523
1	4	24.41721	25.514453	25.592026	24.476185	0.000126
1	5	33.660387	16.258767	16.333502	33.746713	0.000631
1	6	24.355473	25.582808	25.67466	24.387029	0.00003
1	7	24.41994	25.570107	25.602603	24.407351	0
1	8	26.202586	23.783655	23.826697	26.187062	0
1	9	17.797373	32.151272	32.214822	17.836533	0
1	10	29.533584	20.436632	20.472807	29.556978	0
1	11	21.119236	28.844249	28.908022	21.127856	0.000638
1	12	26.790622	23.215191	23.2322	26.761988	0
1	13	21.676546	28.291173	28.335447	21.696835	0
1	14	22.935497	27.031873	27.08485	22.94778	0
1	15	24.97373	24.99706	25.055361	24.973849	0
1	16	25.760841	24.179505	24.257351	25.802303	0
1	17	26.488433	23.476426	23.507029	26.526216	0.001896
1	18	26.680612	23.305453	23.334243	26.679692	0
1	19	26.450867	23.517648	23.560007	26.471478	0
1	20	26.396681	23.562012	23.632755	26.408552	0
1	21	26.050958	23.899267	23.97105	26.078725	0
1	22	26.393736	23.581744	23.623229	26.401015	0.000276
1	23	26.099147	23.869673	23.920484	26.110697	0
1	24	26.292416	23.685615	23.724661	26.297271	0.000037
1	25	26.193899	23.785279	23.839638	26.181184	0
1	26	26.261435	23.670043	23.753302	26.315217	0.000003
1	27	26.389629	23.576743	23.621251	26.412378	0
1	28	26.420824	23.52726	23.579096	26.47282	0
1	29	26.603284	23.364956	23.397618	26.633348	0.000794
1	30	26.492304	23.448103	23.513773	26.54581	0.00001
1	31	26.416888	23.518304	23.598659	26.46615	0
1	32	26.497303	23.45731	23.518747	26.526637	0.000003
1	33	26.464368	23.49128	23.537581	26.506771	0
1	34	26.504942	23.443023	23.512115	26.53992	0
1	35	26.452028	23.518432	23.574657	26.454883	0
1	36	26.558922	23.397249	23.465571	26.578258	0
1	37	26.530771	23.442795	23.509486	26.516947	0
1	38	26.635449	23.327671	23.382895	26.653985	0
1	39	26.645665	23.318856	23.366599	26.66888	0
1	40	26.620588	23.327016	23.379902	26.672493	0
1	41	26.537373	23.430654	23.463414	26.568559	0
1	42	26.525944	23.43899	23.486419	26.544943	0.003703
1	43	26.365114	23.582388	23.636181	26.416317	0
1	44	26.484477	23.465169	23.539438	26.510915	0
1	45	26.423291	23.527879	23.5666	26.482223	0.000007
1	46	26.552557	23.401367	23.454957	26.591119	0
1	47	26.720585	23.257723	23.310298	26.711391	0.000003
1	48	26.662813	23.301872	23.352034	26.68328	0
1	49	26.73256	23.236462	23.297488	26.73349	0
1	50	26.642502	23.340195	23.398303	26.619	0
1	51	26.606933	23.358922	23.444087	26.590057	0
1	52	26.592649	23.378626	23.433012	26.595713	0
1	53	26.543551	23.419163	23.488546	26.54874	0
1	54	26.604779	23.347187	23.415878	26.632156	0
1	55	26.600701	23.358287	23.415201	26.625812	0
1	56	26.497443	23.466485	23.524888	26.511184	0
1	57	26.678998	23.303031	23.336313	26.681658	0
1	58	26.727732	23.240364	23.27777	26.754134	0
1	59	26.682893	23.277403	23.33343	26.706275	0
1	60	26.685693	23.259428	23.324519	26.730305	0.000054
1	61	26.664894	23.284198	23.351458	26.69945	0
1	62	26.688904	23.293963	23.332533	26.6846	0
1	63	26.676236	23.295136	23.35656	26.672064	0.000004
1	64	26.596181	23.389393	23.405773	26.608654	0
1	65	26.687208	23.29335	23.352942	26.6665	0
1	66	26.557664	23.401639	23.449713	26.590985	0
1	67	26.776401	23.184587	23.252268	26.786728	0.000015
1	68	26.805611	23.169284	23.228379	26.795876	0.00085
1	69	26.64677	23.299682	23.361726	26.691818	0.000004
1	70	26.673433	23.304277	23.33904	26.68325	0
1	71	26.657164	23.279631	23.372808	26.690397	0
1	72	26.849966	23.122708	23.17271	26.854616	0
1	73	26.670809	23.282191	23.326612	26.720389	0
1	74	26.687403	23.276448	23.304779	26.731366	0.000004
1	75	26.656226	23.311842	23.346306	26.685626	0
1	76	26.628044	23.31686	23.353052	26.702043	0
1	77	26.789195	23.185368	23.23686	26.788577	0
1	78	26.775229	23.202554	23.244977	26.77724	0
1	79	26.783118	23.168834	23.214338	26.83371	0
1	80	26.756313	23.220449	23.283873	26.739365	0
1	81	26.715581	23.219998	23.306943	26.757371	0.000107
1	82	26.884404	23.093732	23.149921	26.871943	0
1	83	26.814391	23.161519	23.223555	26.800535	0
1	84	26.836122	23.128827	23.162433	26.872618	0
1	85	26.820546	23.167844	23.200398	26.811208	0.000004
1	86	26.828657	23.110072	23.173897	26.887374	0
1	87	26.856597	23.137774	23.160992	26.844459	0.000179
1	88	26.769748	23.206004	23.242236	26.782012	0
1	89	26.836659	23.132989	23.19882	26.831532	0
1	90	26.898512	23.064128	23.125352	26.912008	0
1	91	26.879056	23.07531	23.141453	26.904182	0
1	92	26.792648	23.203469	23.218015	26.785753	0.000116
1	93	26.722519	23.237783	23.286419	26.753249	0.000029
1	94	26.814485	23.139206	23.18184	26.864468	0
1	95	26.754381	23.211951	23.259015	26.774652	0
1	96	26.854601	23.125826	23.153193	26.86638	0
1	97	26.790206	23.195589	23.230598	26.783607	0
1	98	26.775218	23.20109	23.238245	26.785447	0
1	99	26.801042	23.154301	23.22808	26.816577	0
1	100	26.766652	23.183398	23.234343	26.815607	0
1	101	26.856657	23.08773	23.124101	26.931512	0
1	102	26.833462	23.113896	23.150552	26.90209	0
1	103	26.860266	23.114999	23.148774	26.875961	0
1	104	26.864891	23.096425	23.146909	26.891776	0
1	105	26.830419	23.135859	23.161682	26.871844	0.000196
1	106	26.80805	23.146651	23.196416	26.848883	0
1	107	26.833192	23.131085	23.161592	26.874131	0
1	108	26.830437	23.120414	23.157981	26.891167	0
1	109	26.893095	23.057912	23.104516	26.944477	0
1	110	26.860804	23.08051	23.132216	26.92647	0
1	111	26.942516	22.997549	23.060402	26.999533	0
1	112	26.996262	22.993952	23.004377	27.005409	0
1	113	26.979615	22.994787	23.017629	27.00797	0
1	114	26.94426	23.028698	23.082765	26.944278	0
1	115	26.871782	23.131487	23.130993	26.865738	0
1	116	26.92636	23.041816	23.094233	26.937591	0
1	117	26.94073	23.053262	23.072002	26.933951	0.000055
1	118	26.967123	22.997425	23.04385	26.991395	0.000206
1	119	27.027636	22.960044	22.988677	27.023634	0.000009
1	120	27.016301	22.942751	23.010846	27.030101	0
1	121	27.030475	22.917912	22.972252	27.079361	0
1	122	27.067737	22.918603	22.940433	27.073227	0
1	123	27.059226	22.925322	22.975071	27.040311	0.00007
1	124	27.015377	22.968563	23.000495	27.015564	0
1	125	26.982937	23.01067	23.046834	26.959559	0
1	126	26.95934	22.996228	23.060667	26.983766	0
1	127	27.038857	22.966049	23.006166	26.988928	0
1	128	27.020972	22.953767	22.992162	27.0331	0
1	129	27.031998	22.936405	22.968939	27.062658	0
1	130	27.113566	22.860145	22.890698	27.135591	0
1	131	27.109365	22.862561	22.897409	27.130665	0
1	132	27.147594	22.848026	22.851932	27.152448	0
1	133	27.065506	22.917764	22.948263	27.068467	0
1	134	26.996016	22.959732	22.979472	27.06478	0
1	135	26.994459	22.991325	22.983156	27.03106	0
1	136	26.924838	23.062799	23.056481	26.955882	0
1	137	26.944926	23.045479	23.063768	26.945827	0
1	138	26.977163	23.00182	23.037896	26.982925	0.000196
1	139	27.044676	22.919685	22.959447	27.076192	0
1	140	27.109399	22.872423	22.897861	27.120318	0
1	141	27.080193	22.889381	22.909316	27.121109	0
1	142	27.090957	22.875031	22.913361	27.120652	0
1	143	27.075862	22.897933	22.935814	27.090392	0
1	144	27.060092	22.938438	22.949794	27.051672	0.000005
1	145	27.009214	22.946042	22.995449	27.049295	0
1	146	27.004953	22.958542	23.007971	27.028534	0
1	147	27.120372	22.861811	22.887764	27.130053	0
1	148	27.534593	22.441476	22.489533	27.534399	0
1	149	28.832475	21.138938	21.158768	28.869819	0
1	150	34.470507	15.488421	15.53556	34.505511	0
2	151	14.998621	34.961088	35.02334	15.016137	0.000814
2	152	26.749847	23.22687	23.262776	26.76048	0.000027
2	153	24.494548	25.477584	25.509402	24.518466	0
2	154	24.455613	25.474306	25.555297	24.51478	0.000003
2	155	33.726653	16.221905	16.266511	33.784931	0
2	156	24.398266	25.538421	25.620039	24.443274	0
2	157	24.479293	25.497063	25.533274	24.49037	0
2	158	26.220471	23.766869	23.815965	26.196695	0
2	159	17.73104	32.222426	32.28245	17.764084	0
2	160	29.599947	20.389176	20.427739	29.583138	0
2	161	21.150895	28.806822	28.866361	21.175923	0
2	162	26.788141	23.20241	23.239651	26.769798	0
2	163	21.763991	28.217644	28.260626	21.757739	0
2	164	22.937898	27.010803	27.061583	22.989716	0
2	165	25.011847	24.967922	25.005674	25.014554	0.000003
2	166	25.752573	24.199618	24.243806	25.804003	0
2	167	26.501769	23.472956	23.492505	26.53277	0
2	168	26.659609	23.294853	23.337115	26.708422	0
2	169	26.468297	23.480447	23.530403	26.520853	0
2	170	26.41076	23.558911	23.603673	26.426656	0
2	171	26.071448	23.871299	23.939349	26.117904	0
2	172	26.422845	23.561207	23.587351	26.42851	0.000086
2	173	26.122549	23.843693	23.886223	26.147528	0.000007
2	174	26.306148	23.651764	23.710543	26.331546	0
2	175	26.202478	23.781002	23.818594	26.197925	0
2	176	26.27146	23.679902	23.738583	26.310056	0
2	177	26.401957	23.586107	23.602167	26.409769	0
2	178	26.440341	23.50679	23.570682	26.482187	0
2	179	26.599445	23.358987	23.411616	26.629952	0
2	180	26.499848	23.474521	23.49277	26.53286	0
2	181	26.452164	23.507241	23.543826	26.49677	0
2	182	26.513144	23.434648	23.498722	26.553486	0
2	183	26.45871	23.478561	23.540395	26.522334	0
2	184	26.511628	23.438412	23.495849	26.554112	0
2	185	26.463861	23.498055	23.557242	26.480842	0
2	186	26.554841	23.392403	23.4645	26.588256	0
2	187	26.525566	23.463674	23.482263	26.528496	0
2	188	26.629735	23.346667	23.365495	26.658103	0
2	189	26.647932	23.315977	23.374184	26.661903	0.000003
2	190	26.61645	23.34053	23.385976	26.657023	0.00002
2	191	26.537893	23.428523	23.462993	26.570587	0.000003
2	192	26.540881	23.438382	23.483459	26.537276	0.000003
2	193	26.387251	23.570377	23.620361	26.421988	0.000024
2	194	26.507457	23.439487	23.511782	26.54127	0.000003
2	195	26.427374	23.527705	23.579322	26.465596	0.000003
2	196	26.580237	23.387716	23.42979	26.602013	0.000244
2	197	26.725988	23.279759	23.279725	26.714528	0
2	198	26.656704	23.325396	23.342581	26.675318	0
2	199	26.711359	23.251776	23.306424	26.730441	0
2	200	26.627722	23.348343	23.396187	26.627747	0
2	201	26.596906	23.354012	23.427095	26.621984	0.000003
2	202	26.604395	23.373928	23.427875	26.592953	0.000849
2	203	26.553194	23.417605	23.483478	26.545723	0
2	204	26.608622	23.368495	23.417766	26.605117	0
2	205	26.597192	23.360394	23.408266	26.634148	0
2	206	26.484166	23.459697	23.541936	26.514201	0
2	207	26.695971	23.312513	23.317992	26.673524	0
2	208	26.71752	23.268034	23.301277	26.713169	0
2	209	26.675645	23.285666	23.348858	26.68982	0.000011
2	210	26.67145	23.286893	23.331673	26.709985	0
2	211	26.658801	23.295169	23.349548	26.696482	0
2	212	26.661768	23.312199	23.348762	26.677089	0.000183
2	213	26.673064	23.284616	23.359085	26.683235	0
2	214	26.604417	23.377304	23.421869	26.595644	0.000766
2	215	26.672136	23.292494	23.347793	26.687503	0.000074
2	216	26.554353	23.424609	23.447558	26.57254	0.00094
2	217	26.742097	23.204535	23.261963	26.791402	0.000004
2	218	26.762937	23.209022	23.235546	26.792019	0.000476
2	219	26.650048	23.324305	23.355028	26.670612	0.000008
2	220	26.63098	23.319154	23.385278	26.664572	0.000015
2	221	26.612056	23.316538	23.395005	26.676393	0.000008
2	222	26.779978	23.209933	23.232565	26.777525	0
2	223	26.66667	23.31526	23.355238	26.662832	0
2	224	26.666336	23.297058	23.322647	26.713958	0
2	225	26.608231	23.340951	23.400932	26.649882	0.000004
2	226	26.631978	23.32062	23.356157	26.691221	0.000023
2	227	26.788199	23.196364	23.247312	26.768125	0
2	228	26.783109	23.180387	23.229522	26.806978	0.000004
2	229	26.775187	23.192671	23.224442	26.807699	0
2	230	26.730989	23.237971	23.308016	26.723024	0
2	231	26.731402	23.20497	23.291644	26.771984	0
2	232	26.796532	23.167633	23.224594	26.811241	0
2	233	26.778819	23.183653	23.248864	26.788664	0
2	234	26.820218	23.161342	23.180385	26.838035	0.00002
2	235	26.76977	23.203916	23.22804	26.798274	0
2	236	26.819242	23.147122	23.183243	26.850377	0.000016
2	237	26.781378	23.185749	23.228099	26.804774	0
2	238	26.806355	23.17294	23.208704	26.811463	0.000538
2	239	26.796423	23.16089	23.22969	26.812972	0.000025
2	240	26.882614	23.095549	23.123872	26.897965	0
2	241	26.82663	23.116882	23.1869	26.869588	0
2	242	26.85736	23.129753	23.163341	26.848267	0.001279
2	243	26.726968	23.22834	23.289935	26.754437	0.00032
2	244	26.837368	23.124937	23.163563	26.873117	0.001014
2	245	26.771625	23.192881	23.23982	26.795674	0
2	246	26.859209	23.121884	23.143552	26.875355	0
2	247	26.735216	23.237202	23.27669	26.750892	0
2	248	26.767041	23.202135	23.255257	26.775551	0.000017
2	249	26.833249	23.136433	23.187143	26.843175	0
2	250	26.776799	23.181535	23.237227	26.804439	0
2	251	26.85622	23.104572	23.152643	26.886565	0
2	252	26.775157	23.174941	23.22325	26.826653	0
2	253	26.794208	23.18717	23.218058	26.800534	0.00003
2	254	26.816475	23.143664	23.200907	26.838954	0
2	255	26.778196	23.18899	23.227248	26.805567	0
2	256	26.749212	23.196929	23.240477	26.813378	0.000004
2	257	26.792193	23.17237	23.216221	26.819151	0.000066
2	258	26.789978	23.163561	23.200501	26.845959	0
2	259	26.869824	23.088814	23.139531	26.901831	0
2	260	26.828824	23.120671	23.165751	26.884745	0.000009
2	261	26.899495	23.044221	23.102662	26.953623	0
2	262	26.963217	23.021192	23.055289	26.960301	0
2	263	26.934358	23.042494	23.057772	26.965376	0
2	264	26.890726	23.076926	23.107243	26.925073	0.000032
2	265	26.852903	23.139026	23.158479	26.848712	0.00088
2	266	26.902353	23.066504	23.120589	26.910554	0
2	267	26.916032	23.075316	23.092264	26.916388	0
2	268	26.94686	23.029253	23.068614	26.955273	0
2	269	26.979932	22.984897	23.041953	26.993108	0.000111
2	270	26.965775	22.984899	23.040653	27.006754	0.001919
2	271	26.98002	22.974801	23.015446	27.029715	0.000019
2	272	27.02237	22.981949	22.992123	27.003558	0
2	273	27.017957	22.978167	22.991984	27.011891	0
2	274	26.977488	23.005779	23.032993	26.983739	0
2	275	26.932913	23.047126	23.07645	26.943512	0
2	276	26.915396	23.024705	23.097835	26.962064	0
2	277	26.977997	22.995005	23.05171	26.975287	0
2	278	26.999608	22.96828	23.018012	27.014099	0
2	279	26.996888	22.967926	23.00249	27.032697	0
2	280	27.085068	22.903559	22.918288	27.093086	0
2	281	27.0831	22.890922	22.931914	27.094064	0
2	282	27.10027	22.879551	22.921085	27.099094	0
2	283	27.006035	22.96943	22.996031	27.028504	0
2	284	26.971431	22.992275	23.035898	27.000396	0
2	285	26.946375	23.014914	23.049135	26.989576	0
2	286	26.899031	23.076172	23.089038	26.93573	0.000029
2	287	26.907291	23.076885	23.097793	26.91787	0.000162
2	288	26.953193	23.029815	23.06316	26.953591	0.000241
2	289	27.004531	22.942981	23.00434	27.048148	0
2	290	27.073979	22.895969	22.939004	27.091038	0.00001
2	291	27.05285	22.925887	22.934892	27.086372	0
2	292	27.043115	22.91598	22.967495	27.069326	0.004084
2	293	27.023212	22.934004	22.985529	27.057126	0.00013
2	294	27.022314	22.948677	22.995833	27.033177	0
2	295	27.020616	22.969498	23.010421	26.999465	0
2	296	26.98327	22.996006	23.032678	26.988045	0
2	297	27.090841	22.885511	22.909062	27.114587	0
2	298	27.540519	22.438536	22.473626	27.54732	0
2	299	28.86262	21.112634	21.109834	28.914912	0
2	300	34.491424	15.451167	15.502063	34.555346	0


